n   Yn
1	0
2	0
3	1
4	0
5	0
6	1
7	1
8	0
9	0
10	0
11	1
12	0
13	0
14	1
15	0
16	1
17	1
18	0
19	0
20	0
21	0
22	1
23	0
24	0
25	0
26	0
27	0
28	1
29	0
30	1
31	0
32	1
33	1
34	1
35	1
36	0
37	0
38	1
39	0
40	1
41	1
42	1
43	0
44	0
45	1
46	1
47	1
48	0
49	0
50	0
51	1
52	0
53	0
54	1
55	1
56	1
57	0
58	1
59	0
60	1
61	0
62	1
63	0
64	0
65	0
66	0
67	0
68	1
69	1
70	1
71	0
72	1
73	0
74	1
75	0
76	1
77	1
78	1
79	0
80	1
81	1
82	0
83	0
84	0
85	0
86	1
87	0
88	0
89	1
90	0
91	1
92	1
93	0
94	0
95	0
96	1
97	0
98	1
99	1
100	1
101	1
102	0
103	1
104	0
105	1
106	0
107	1
108	0
109	0
110	0
111	1
112	1
113	1
114	0
115	1
116	0
117	0
118	0
119	1
120	1
121	1
122	0
123	1
124	0
125	0
126	0
127	1
128	1
129	1
130	0
131	1
132	0
133	1
134	1
135	1
136	1
137	0
138	0
139	0
140	1
141	0
142	0
143	1
144	0
145	1
146	1
147	1
148	1
149	1
150	1
151	1
152	1
153	0
154	0
155	1
156	1
157	1
158	0
159	1
160	1
161	0
162	1
163	1
164	1
165	1
166	1
167	0
168	0
169	0
170	1
171	1
172	1
173	0
174	1
175	1
176	1
177	0
178	0
179	0
180	1
181	0
182	1
183	0
184	1
185	0
186	1
187	1
188	0
189	0
190	1
191	0
192	0
193	1
194	1
195	1
196	1
197	0
198	0
199	0
200	0
201	0
202	1
203	0
204	0
205	1
206	0
207	0
208	0
209	0
210	0
211	1
212	1
213	1
214	1
215	0
216	1
217	1
218	1
219	1
220	1
221	1
222	0
223	1
224	1
225	0
226	0
227	1
228	1
229	1
230	1
231	0
232	1
233	0
234	0
235	1
236	1
237	1
238	1
239	1
240	0
241	1
242	1
243	0
244	1
245	0
246	0
247	1
248	0
249	1
250	1
251	0
252	0
253	0
254	1
255	1
256	0
257	0
258	1
259	1
260	0
261	1
262	0
263	0
264	0
265	1
266	1
267	1
268	0
269	1
270	0
271	1
272	0
273	1
274	0
275	0
276	0
277	0
278	1
279	0
280	1
281	1
282	0
283	0
284	1
285	0
286	0
287	0
288	0
289	0
290	0
291	1
292	1
293	0
294	1
295	1
296	1
297	0
298	0
299	0
300	1
301	1
302	0
303	1
304	1
305	0
306	1
307	0
308	0
309	0
310	1
311	0
312	0
313	0
314	0
315	0
316	1
317	1
318	0
319	1
320	1
321	1
322	1
323	0
324	0
325	1
326	1
327	0
328	1
329	0
330	0
331	1
332	1
333	1
334	0
335	1
336	1
337	1
338	1
339	1
340	1
341	0
342	0
343	1
344	0
345	1
346	1
347	0
348	0
349	1
350	0
351	1
352	0
353	0
354	0
355	0
356	0
357	1
358	1
359	0
360	1
361	1
362	0
363	0
364	0
365	1
366	1
367	1
368	0
369	1
370	0
371	0
372	1
373	1
374	1
375	1
376	1
377	0
378	1
379	1
380	0
381	1
382	1
383	0
384	1
385	0
386	0
387	0
388	1
389	0
390	1
391	0
392	0
393	0
394	1
395	0
396	1
397	1
398	1
399	1
400	1
401	1
402	1
403	0
404	1
405	0
406	0
407	0
408	1
409	1
410	1
411	0
412	0
413	1
414	0
415	0
416	0
417	0
418	1
419	1
420	0
421	0
422	1
423	1
424	1
425	1
426	1
427	1
428	0
429	1
430	0
431	0
432	0
433	0
434	0
435	1
436	0
437	1
438	0
439	0
440	1
441	1
442	1
443	0
444	0
445	1
446	0
447	0
448	1
449	0
450	1
451	0
452	1
453	1
454	1
455	1
456	0
457	1
458	0
459	1
460	1
461	1
462	0
463	1
464	1
465	1
466	0
467	1
468	0
469	1
470	0
471	1
472	0
473	1
474	1
475	1
476	0
477	0
478	0
479	1
480	0
481	0
482	0
483	0
484	0
485	1
486	0
487	1
488	1
489	0
490	1
491	1
492	0
493	0
494	1
495	0
496	1
497	0
498	0
499	1
500	0
501	0
502	0
503	0
504	1
505	1
506	1
507	0
508	0
509	1
510	0
511	0
512	0
513	0
514	0
515	0
516	0
517	1
518	1
519	1
520	1
521	1
522	1
523	1
524	0
525	0
526	0
527	0
528	0
529	1
530	1
531	0
532	1
533	0
534	0
535	0
536	1
537	1
538	0
539	0
540	0
541	1
542	1
543	0
544	1
545	1
546	0
547	1
548	1
549	0
550	1
551	0
552	1
553	0
554	0
555	1
556	1
557	1
558	1
559	1
560	1
561	0
562	1
563	0
564	1
565	0
566	1
567	0
568	0
569	1
570	1
571	0
572	0
573	1
574	0
575	1
576	0
577	0
578	1
579	0
580	0
581	0
582	0
583	0
584	1
585	1
586	1
587	0
588	0
589	0
590	1
591	0
592	1
593	1
594	1
595	0
596	1
597	1
598	1
599	1
600	1
601	0
602	0
603	0
604	0
605	0
606	0
607	0
608	0
609	1
610	0
611	0
612	0
613	0
614	1
615	0
616	1
617	1
618	0
619	0
620	0
621	0
622	0
623	1
624	0
625	1
626	0
627	0
628	0
629	0
630	0
631	0
632	0
633	0
634	0
635	1
636	1
637	0
638	1
639	0
640	1
641	0
642	0
643	1
644	0
645	1
646	1
647	1
648	1
649	1
650	1
651	1
652	1
653	1
654	0
655	1
656	0
657	0
658	1
659	0
660	1
661	1
662	1
663	0
664	0
665	1
666	1
667	0
668	0
669	1
670	1
671	0
672	1
673	1
674	1
675	1
676	0
677	0
678	1
679	0
680	0
681	0
682	1
683	0
684	0
685	0
686	0
687	0
688	0
689	1
690	1
691	1
692	1
693	0
694	1
695	1
696	1
697	1
698	0
699	1
700	0
701	0
702	0
703	1
704	1
705	1
706	1
707	0
708	1
709	0
710	1
711	0
712	0
713	0
714	0
715	1
716	1
717	1
718	0
719	0
720	1
721	1
722	1
723	1
724	0
725	1
726	1
727	1
728	0
729	0
730	1
731	0
732	1
733	0
734	0
735	0
736	1
737	0
738	1
739	1
740	1
741	0
742	1
743	1
744	1
745	1
746	1
747	0
748	1
749	1
750	1
751	1
752	1
753	0
754	1
755	1
756	1
757	1
758	1
759	0
760	0
761	0
762	1
763	1
764	0
765	0
766	0
767	1
768	0
769	1
770	1
771	0
772	1
773	1
774	0
775	0
776	0
777	0
778	0
779	0
780	1
781	0
782	0
783	1
784	1
785	0
786	1
787	0
788	0
789	1
790	1
791	0
792	1
793	0
794	0
795	0
796	1
797	1
798	1
799	0
800	0
801	0
802	1
803	0
804	1
805	1
806	0
807	1
808	0
809	0
810	0
811	0
812	1
813	0
814	0
815	0
816	1
817	1
818	1
819	0
820	0
821	0
822	1
823	1
824	1
825	0
826	1
827	1
828	0
829	1
830	0
831	1
832	1
833	0
834	1
835	1
836	1
837	0
838	1
839	1
840	1
841	1
842	0
843	1
844	0
845	0
846	1
847	0
848	0
849	1
850	0
851	1
852	0
853	1
854	1
855	0
856	1
857	0
858	1
859	1
860	1
861	0
862	1
863	1
864	0
865	1
866	1
867	0
868	0
869	1
870	1
871	1
872	1
873	1
874	0
875	0
876	0
877	1
878	0
879	1
880	1
881	1
882	1
883	1
884	1
885	1
886	1
887	1
888	1
889	0
890	0
891	0
892	1
893	1
894	1
895	0
896	0
897	0
898	1
899	1
900	0
901	0
902	1
903	1
904	1
905	1
906	0
907	1
908	0
909	1
910	0
911	1
912	1
913	1
914	0
915	0
916	1
917	0
918	1
919	0
920	0
921	0
922	1
923	1
924	1
925	1
926	1
927	0
928	0
929	1
930	1
931	1
932	1
933	1
934	1
935	0
936	0
937	0
938	1
939	1
940	0
941	0
942	0
943	0
944	1
945	0
946	1
947	1
948	1
949	0
950	1
951	1
952	0
953	0
954	0
955	0
956	1
957	0
958	0
959	0
960	1
961	0
962	0
963	1
964	0
965	1
966	0
967	1
968	1
969	1
970	1
971	1
972	0
973	0
974	0
975	1
976	0
977	0
978	0
979	1
980	1
981	0
982	1
983	1
984	0
985	0
986	0
987	0
988	1
989	1
990	0
991	1
992	0
993	0
994	0
995	0
996	0
997	0
998	1
999	1
1000	0
1001	0
1002	1
1003	0
1004	1
1005	0
1006	0
1007	1
1008	1
1009	1
1010	1
1011	1
1012	0
1013	1
1014	0
1015	0
1016	0
1017	1
1018	0
1019	1
1020	0
1021	1
1022	1
1023	1
1024	0
1025	1
1026	1
1027	0
1028	1
1029	0
1030	1
1031	0
1032	1
1033	0
1034	0
1035	0
1036	0
1037	1
1038	0
1039	0
1040	0
1041	1
1042	1
1043	1
1044	1
1045	0
1046	0
1047	1
1048	0
1049	1
1050	0
1051	0
1052	1
1053	0
1054	1
1055	0
1056	0
1057	0
1058	0
1059	0
1060	0
1061	1
1062	1
1063	1
1064	1
1065	1
1066	0
1067	0
1068	1
1069	1
1070	0
1071	0
1072	0
1073	0
1074	0
1075	1
1076	0
1077	1
1078	1
1079	0
1080	0
1081	1
1082	0
1083	0
1084	0
1085	0
1086	0
1087	0
1088	1
1089	0
1090	0
1091	1
1092	0
1093	1
1094	0
1095	1
1096	1
1097	1
1098	1
1099	1
1100	0
1101	0
1102	0
1103	1
1104	0
1105	0
1106	0
1107	1
1108	1
1109	0
1110	0
1111	1
1112	1
1113	0
1114	1
1115	0
1116	1
1117	1
1118	0
1119	0
1120	0
1121	1
1122	1
1123	1
1124	1
1125	1
1126	0
1127	1
1128	1
1129	0
1130	0
1131	1
1132	1
1133	1
1134	1
1135	0
1136	0
1137	0
1138	1
1139	1
1140	1
1141	0
1142	1
1143	0
1144	0
1145	1
1146	0
1147	1
1148	1
1149	0
1150	0
1151	0
1152	0
1153	1
1154	0
1155	1
1156	0
1157	0
1158	0
1159	1
1160	0
1161	0
1162	1
1163	0
1164	0
1165	0
1166	1
1167	0
1168	1
1169	0
1170	1
1171	1
1172	0
1173	0
1174	1
1175	0
1176	0
1177	0
1178	1
1179	1
1180	0
1181	1
1182	1
1183	0
1184	0
1185	0
1186	0
1187	1
1188	1
1189	1
1190	1
1191	0
1192	0
1193	1
1194	0
1195	1
1196	0
1197	1
1198	0
1199	1
1200	0
1201	0
1202	1
1203	0
1204	1
1205	1
1206	0
1207	1
1208	0
1209	1
1210	0
1211	0
1212	0
1213	1
1214	0
1215	0
1216	1
1217	1
1218	0
1219	0
1220	1
1221	1
1222	1
1223	1
1224	1
1225	1
1226	1
1227	1
1228	1
1229	0
1230	1
1231	0
1232	1
1233	1
1234	1
1235	0
1236	0
1237	0
1238	0
1239	0
1240	1
1241	1
1242	1
1243	1
1244	0
1245	0
1246	0
1247	0
1248	1
1249	0
1250	0
1251	1
1252	0
1253	0
1254	0
1255	0
1256	1
1257	1
1258	0
1259	1
1260	0
1261	0
1262	0
1263	1
1264	1
1265	1
1266	1
1267	0
1268	0
1269	0
1270	1
1271	1
1272	0
1273	1
1274	0
1275	0
1276	1
1277	0
1278	0
1279	0
1280	0
1281	0
1282	0
1283	0
1284	0
1285	1
1286	1
1287	0
1288	0
1289	1
1290	0
1291	0
1292	0
1293	1
1294	0
1295	0
1296	0
1297	0
1298	1
1299	0
1300	1
1301	1
1302	0
1303	0
1304	0
1305	1
1306	0
1307	1
1308	0
1309	0
1310	0
1311	1
1312	1
1313	1
1314	0
1315	0
1316	0
1317	0
1318	0
1319	1
1320	0
1321	1
1322	1
1323	0
1324	0
1325	0
1326	1
1327	0
1328	0
1329	1
1330	1
1331	1
1332	0
1333	1
1334	0
1335	0
1336	1
1337	1
1338	0
1339	0
1340	0
1341	0
1342	1
1343	1
1344	0
1345	0
1346	0
1347	1
1348	0
1349	1
1350	1
1351	1
1352	0
1353	1
1354	1
1355	1
1356	1
1357	0
1358	0
1359	1
1360	1
1361	0
1362	0
1363	0
1364	0
1365	1
1366	0
1367	1
1368	1
1369	1
1370	1
1371	1
1372	1
1373	1
1374	0
1375	1
1376	1
1377	0
1378	0
1379	0
1380	0
1381	0
1382	0
1383	0
1384	1
1385	1
1386	1
1387	1
1388	0
1389	1
1390	1
1391	0
1392	1
1393	0
1394	0
1395	0
1396	0
1397	1
1398	1
1399	0
1400	0
1401	0
1402	0
1403	0
1404	0
1405	1
1406	1
1407	1
1408	0
1409	0
1410	0
1411	0
1412	1
1413	0
1414	0
1415	1
1416	0
1417	0
1418	1
1419	0
1420	0
1421	1
1422	1
1423	1
1424	0
1425	0
1426	1
1427	0
1428	0
1429	0
1430	0
1431	1
1432	1
1433	0
1434	1
1435	1
1436	1
1437	0
1438	1
1439	0
1440	1
1441	0
1442	0
1443	1
1444	0
1445	1
1446	0
1447	0
1448	1
1449	1
1450	1
1451	1
1452	1
1453	0
1454	0
1455	0
1456	0
1457	1
1458	0
1459	1
1460	0
1461	1
1462	0
1463	1
1464	0
1465	0
1466	0
1467	0
1468	0
1469	1
1470	1
1471	0
1472	0
1473	0
1474	1
1475	0
1476	0
1477	1
1478	0
1479	0
1480	1
1481	0
1482	0
1483	1
1484	0
1485	0
1486	0
1487	0
1488	1
1489	1
1490	0
1491	0
1492	1
1493	1
1494	1
1495	1
1496	1
1497	0
1498	1
1499	1
1500	1
1501	1
1502	1
1503	1
1504	1
1505	1
1506	1
1507	1
1508	1
1509	1
1510	0
1511	1
1512	0
1513	1
1514	1
1515	1
1516	1
1517	1
1518	1
1519	1
1520	1
1521	1
1522	1
1523	0
1524	0
1525	0
1526	1
1527	1
1528	1
1529	0
1530	1
1531	1
1532	1
1533	1
1534	1
1535	0
1536	1
1537	0
1538	0
1539	1
1540	0
1541	0
1542	0
1543	0
1544	1
1545	0
1546	1
1547	1
1548	0
1549	0
1550	1
1551	1
1552	0
1553	0
1554	0
1555	0
1556	1
1557	0
1558	1
1559	0
1560	1
1561	0
1562	0
1563	1
1564	1
1565	1
1566	1
1567	1
1568	0
1569	1
1570	0
1571	1
1572	1
1573	1
1574	1
1575	0
1576	0
1577	0
1578	0
1579	1
1580	1
1581	1
1582	1
1583	1
1584	0
1585	0
1586	0
1587	1
1588	1
1589	0
1590	0
1591	0
1592	0
1593	0
1594	0
1595	1
1596	0
1597	1
1598	1
1599	1
1600	1
1601	0
1602	1
1603	0
1604	1
1605	1
1606	0
1607	1
1608	0
1609	0
1610	1
1611	1
1612	0
1613	0
1614	0
1615	1
1616	1
1617	0
1618	0
1619	0
1620	0
1621	0
1622	1
1623	0
1624	1
1625	1
1626	0
1627	1
1628	0
1629	0
1630	1
1631	1
1632	1
1633	0
1634	1
1635	1
1636	1
1637	1
1638	1
1639	1
1640	1
1641	1
1642	0
1643	1
1644	0
1645	0
1646	1
1647	1
1648	0
1649	1
1650	1
1651	0
1652	1
1653	0
1654	0
1655	0
1656	0
1657	1
1658	0
1659	1
1660	0
1661	0
1662	0
1663	1
1664	1
1665	1
1666	0
1667	0
1668	0
1669	0
1670	1
1671	0
1672	0
1673	1
1674	0
1675	1
1676	1
1677	0
1678	1
1679	0
1680	0
1681	0
1682	0
1683	0
1684	0
1685	1
1686	1
1687	0
1688	1
1689	1
1690	1
1691	0
1692	0
1693	0
1694	1
1695	1
1696	0
1697	0
1698	0
1699	1
1700	1
1701	0
1702	0
1703	0
1704	1
1705	0
1706	1
1707	0
1708	1
1709	1
1710	1
1711	0
1712	0
1713	1
1714	1
1715	1
1716	0
1717	0
1718	1
1719	1
1720	1
1721	0
1722	0
1723	1
1724	1
1725	0
1726	1
1727	1
1728	0
1729	1
1730	0
1731	0
1732	0
1733	1
1734	0
1735	0
1736	1
1737	0
1738	1
1739	1
1740	1
1741	0
1742	0
1743	1
1744	0
1745	1
1746	0
1747	0
1748	1
1749	0
1750	1
1751	0
1752	1
1753	1
1754	0
1755	0
1756	1
1757	1
1758	0
1759	1
1760	0
1761	0
1762	0
1763	1
1764	1
1765	0
1766	0
1767	0
1768	0
1769	0
1770	1
1771	0
1772	1
1773	1
1774	1
1775	0
1776	0
1777	0
1778	0
1779	0
1780	0
1781	0
1782	1
1783	1
1784	1
1785	0
1786	0
1787	0
1788	0
1789	1
1790	0
1791	0
1792	1
1793	0
1794	1
1795	1
1796	1
1797	1
1798	0
1799	1
1800	1
1801	1
1802	1
1803	1
1804	0
1805	1
1806	1
1807	1
1808	0
1809	1
1810	0
1811	0
1812	1
1813	0
1814	0
1815	1
1816	0
1817	0
1818	1
1819	1
1820	0
1821	0
1822	0
1823	1
1824	0
1825	0
1826	0
1827	0
1828	1
1829	1
1830	1
1831	1
1832	1
1833	1
1834	0
1835	0
1836	1
1837	1
1838	1
1839	1
1840	1
1841	1
1842	0
1843	1
1844	0
1845	1
1846	1
1847	1
1848	1
1849	1
1850	0
1851	1
1852	0
1853	0
1854	0
1855	1
1856	1
1857	1
1858	0
1859	0
1860	1
1861	1
1862	0
1863	0
1864	1
1865	0
1866	0
1867	1
1868	0
1869	1
1870	1
1871	0
1872	0
1873	1
1874	0
1875	0
1876	0
1877	1
1878	1
1879	1
1880	0
1881	1
1882	1
1883	0
1884	0
1885	1
1886	1
1887	1
1888	0
1889	1
1890	1
1891	0
1892	1
1893	0
1894	0
1895	1
1896	1
1897	0
1898	0
1899	0
1900	0
1901	1
1902	0
1903	1
1904	1
1905	1
1906	0
1907	0
1908	0
1909	0
1910	1
1911	0
1912	1
1913	0
1914	0
1915	0
1916	1
1917	1
1918	0
1919	0
1920	0
1921	0
1922	0
1923	0
1924	0
1925	1
1926	0
1927	1
1928	1
1929	0
1930	1
1931	1
1932	0
1933	1
1934	1
1935	1
1936	1
1937	1
1938	0
1939	1
1940	1
1941	1
1942	1
1943	0
1944	1
1945	0
1946	0
1947	0
1948	0
1949	1
1950	1
1951	0
1952	1
1953	0
1954	0
1955	0
1956	1
1957	0
1958	1
1959	1
1960	1
1961	0
1962	0
1963	0
1964	0
1965	1
1966	0
1967	1
1968	0
1969	0
1970	0
1971	0
1972	0
1973	1
1974	1
1975	0
1976	1
1977	1
1978	1
1979	1
1980	0
1981	0
1982	0
1983	1
1984	0
1985	0
1986	0
1987	0
1988	1
1989	0
1990	1
1991	0
1992	0
1993	0
1994	1
1995	0
1996	1
1997	1
1998	0
1999	0
2000	1
2001	0
2002	0
2003	1
2004	1
2005	1
2006	1
2007	1
2008	0
2009	1
2010	0
2011	1
2012	0
2013	1
2014	0
2015	0
2016	1
2017	1
2018	1
2019	1
2020	1
2021	1
2022	0
2023	0
2024	0
2025	1
2026	0
2027	1
2028	0
2029	0
2030	1
2031	0
2032	0
2033	0
2034	0
2035	0
2036	1
2037	1
2038	1
2039	0
2040	0
2041	1
2042	1
2043	0
2044	0
2045	0
2046	1
2047	0
2048	0
2049	1
2050	1
2051	1
2052	0
2053	0
2054	1
2055	0
2056	0
2057	1
2058	1
2059	0
2060	0
2061	0
2062	0
2063	1
2064	1
2065	0
2066	0
2067	0
2068	1
2069	0
2070	0
2071	0
2072	1
2073	0
2074	0
2075	1
2076	0
2077	0
2078	1
2079	0
2080	1
2081	0
2082	1
2083	1
2084	0
2085	1
2086	1
2087	1
2088	1
2089	0
2090	0
2091	1
2092	1
2093	0
2094	1
2095	0
2096	0
2097	0
2098	0
2099	1
2100	0
2101	0
2102	0
2103	0
2104	0
2105	1
2106	0
2107	0
2108	1
2109	1
2110	0
2111	1
2112	0
2113	0
2114	0
2115	0
2116	1
2117	1
2118	0
2119	0
2120	0
2121	0
2122	0
2123	0
2124	1
2125	0
2126	0
2127	1
2128	0
2129	0
2130	1
2131	0
2132	1
2133	1
2134	1
2135	1
2136	1
2137	0
2138	1
2139	1
2140	1
2141	0
2142	1
2143	0
2144	0
2145	0
2146	1
2147	0
2148	0
2149	1
2150	1
2151	1
2152	0
2153	1
2154	0
2155	0
2156	0
2157	1
2158	1
2159	0
2160	1
2161	1
2162	1
2163	1
2164	0
2165	0
2166	0
2167	0
2168	1
2169	1
2170	1
2171	0
2172	0
2173	1
2174	1
2175	1
2176	0
2177	0
2178	1
2179	1
2180	1
2181	0
2182	1
2183	0
2184	1
2185	0
2186	0
2187	0
2188	0
2189	0
2190	1
2191	0
2192	1
2193	1
2194	1
2195	0
2196	1
2197	0
2198	0
2199	0
2200	0
2201	1
2202	0
2203	0
2204	0
2205	1
2206	0
2207	0
2208	0
2209	1
2210	1
2211	1
2212	0
2213	0
2214	0
2215	1
2216	0
2217	0
2218	0
2219	1
2220	1
2221	0
2222	0
2223	0
2224	1
2225	1
2226	0
2227	0
2228	1
2229	1
2230	1
2231	0
2232	0
2233	0
2234	0
2235	1
2236	0
2237	0
2238	1
2239	1
2240	1
2241	1
2242	0
2243	0
2244	0
2245	0
2246	1
2247	0
2248	1
2249	1
2250	1
2251	1
2252	0
2253	1
2254	0
2255	0
2256	0
2257	1
2258	0
2259	0
2260	0
2261	1
2262	0
2263	1
2264	1
2265	0
2266	1
2267	1
2268	1
2269	0
2270	1
2271	1
2272	0
2273	1
2274	0
2275	0
2276	0
2277	1
2278	0
2279	1
2280	0
2281	1
2282	0
2283	1
2284	0
2285	0
2286	1
2287	1
2288	1
2289	0
2290	0
2291	1
2292	0
2293	0
2294	1
2295	1
2296	1
2297	0
2298	1
2299	1
2300	1
2301	1
2302	0
2303	0
2304	0
2305	0
2306	0
2307	1
2308	0
2309	1
2310	1
2311	1
2312	0
2313	0
2314	1
2315	1
2316	0
2317	1
2318	0
2319	0
2320	1
2321	1
2322	0
2323	0
2324	0
2325	1
2326	0
2327	1
2328	0
2329	0
2330	1
2331	1
2332	0
2333	1
2334	1
2335	0
2336	1
2337	0
2338	0
2339	0
2340	0
2341	0
2342	1
2343	0
2344	1
2345	0
2346	0
2347	0
2348	1
2349	1
2350	0
2351	0
2352	0
2353	0
2354	1
2355	1
2356	1
2357	1
2358	1
2359	1
2360	0
2361	1
2362	1
2363	1
2364	1
2365	1
2366	0
2367	1
2368	1
2369	1
2370	1
2371	0
2372	0
2373	1
2374	0
2375	1
2376	0
2377	0
2378	0
2379	1
2380	0
2381	1
2382	1
2383	0
2384	0
2385	1
2386	0
2387	0
2388	1
2389	0
2390	1
2391	1
2392	1
2393	0
2394	1
2395	1
2396	0
2397	1
2398	0
2399	0
2400	0
2401	0
2402	1
2403	1
2404	0
2405	0
2406	1
2407	0
2408	0
2409	0
2410	0
2411	0
2412	0
2413	1
2414	1
2415	0
2416	1
2417	0
2418	1
2419	0
2420	1
2421	1
2422	0
2423	1
2424	0
2425	0
2426	1
2427	1
2428	0
2429	1
2430	1
2431	1
2432	1
2433	1
2434	0
2435	1
2436	1
2437	1
2438	0
2439	1
2440	0
2441	1
2442	1
2443	1
2444	0
2445	0
2446	1
2447	0
2448	0
2449	0
2450	0
2451	0
2452	1
2453	1
2454	1
2455	1
2456	0
2457	1
2458	1
2459	1
2460	0
2461	1
2462	1
2463	0
2464	0
2465	1
2466	1
2467	1
2468	0
2469	1
2470	0
2471	1
2472	0
2473	0
2474	1
2475	0
2476	1
2477	0
2478	0
2479	1
2480	1
2481	0
2482	0
2483	1
2484	1
2485	0
2486	1
2487	0
2488	0
2489	1
2490	0
2491	0
2492	0
2493	1
2494	1
2495	0
2496	0
2497	0
2498	0
2499	1
2500	0
2501	0
2502	0
2503	0
2504	1
2505	0
2506	1
2507	0
2508	0
2509	0
2510	0
2511	0
2512	0
2513	1
2514	1
2515	1
2516	1
2517	1
2518	1
2519	1
2520	0
2521	0
2522	1
2523	1
2524	0
2525	1
2526	1
2527	0
2528	0
2529	1
2530	0
2531	0
2532	1
2533	1
2534	0
2535	1
2536	1
2537	1
2538	0
2539	0
2540	1
2541	1
2542	0
2543	1
2544	0
2545	1
2546	1
2547	1
2548	1
2549	1
2550	1
2551	0
2552	1
2553	0
2554	0
2555	0
2556	0
2557	1
2558	1
2559	0
2560	0
2561	0
2562	1
2563	1
2564	0
2565	1
2566	0
2567	0
2568	0
2569	0
2570	1
2571	1
2572	1
2573	1
2574	0
2575	0
2576	1
2577	1
2578	0
2579	1
2580	1
2581	0
2582	1
2583	0
2584	1
2585	1
2586	0
2587	0
2588	0
2589	0
2590	1
2591	1
2592	0
2593	1
2594	0
2595	0
2596	1
2597	0
2598	1
2599	0
2600	0
2601	1
2602	0
2603	0
2604	1
2605	0
2606	0
2607	0
2608	0
2609	1
2610	1
2611	0
2612	1
2613	0
2614	0
2615	0
2616	1
2617	1
2618	0
2619	1
2620	0
2621	1
2622	0
2623	1
2624	0
2625	0
2626	0
2627	1
2628	1
2629	0
2630	0
2631	1
2632	0
2633	0
2634	1
2635	0
2636	1
2637	1
2638	0
2639	0
2640	1
2641	0
2642	1
2643	1
2644	1
2645	1
2646	1
2647	1
2648	1
2649	1
2650	1
2651	0
2652	1
2653	0
2654	1
2655	1
2656	1
2657	1
2658	0
2659	1
2660	0
2661	0
2662	0
2663	0
2664	0
2665	0
2666	0
2667	0
2668	1
2669	1
2670	0
2671	0
2672	1
2673	0
2674	1
2675	1
2676	1
2677	1
2678	1
2679	1
2680	1
2681	0
2682	0
2683	0
2684	1
2685	1
2686	0
2687	0
2688	0
2689	0
2690	0
2691	0
2692	0
2693	0
2694	0
2695	0
2696	1
2697	1
2698	0
2699	1
2700	1
2701	1
2702	0
2703	1
2704	0
2705	0
2706	1
2707	1
2708	1
2709	0
2710	0
2711	1
2712	1
2713	0
2714	0
2715	0
2716	0
2717	1
2718	0
2719	0
2720	1
2721	0
2722	0
2723	1
2724	1
2725	1
2726	0
2727	1
2728	1
2729	0
2730	1
2731	1
2732	0
2733	0
2734	1
2735	0
2736	1
2737	1
2738	0
2739	1
2740	1
2741	0
2742	0
2743	0
2744	1
2745	1
2746	1
2747	0
2748	1
2749	1
2750	0
2751	1
2752	0
2753	0
2754	0
2755	0
2756	0
2757	0
2758	1
2759	1
2760	1
2761	0
2762	0
2763	1
2764	1
2765	0
2766	1
2767	1
2768	1
2769	1
2770	1
2771	1
2772	1
2773	0
2774	1
2775	1
2776	0
2777	0
2778	1
2779	1
2780	1
2781	1
2782	0
2783	1
2784	0
2785	0
2786	0
2787	0
2788	0
2789	0
2790	0
2791	1
2792	1
2793	1
2794	0
2795	1
2796	0
2797	0
2798	0
2799	0
2800	0
2801	1
2802	1
2803	0
2804	1
2805	1
2806	1
2807	0
2808	0
2809	0
2810	1
2811	0
2812	0
2813	1
2814	0
2815	1
2816	0
2817	0
2818	1
2819	1
2820	0
2821	1
2822	0
2823	1
2824	1
2825	0
2826	0
2827	0
2828	0
2829	1
2830	0
2831	0
2832	0
2833	0
2834	1
2835	0
2836	0
2837	0
2838	1
2839	1
2840	0
2841	1
2842	1
2843	0
2844	0
2845	1
2846	1
2847	1
2848	0
2849	0
2850	0
2851	0
2852	1
2853	1
2854	1
2855	1
2856	0
2857	0
2858	0
2859	0
2860	0
2861	0
2862	1
2863	0
2864	1
2865	1
2866	0
2867	0
2868	1
2869	1
2870	0
2871	0
2872	1
2873	1
2874	1
2875	1
2876	1
2877	1
2878	0
2879	1
2880	1
2881	0
2882	0
2883	1
2884	1
2885	0
2886	1
2887	0
2888	0
2889	0
2890	1
2891	1
2892	0
2893	0
2894	1
2895	0
2896	1
2897	0
2898	0
2899	0
2900	1
2901	0
2902	1
2903	0
2904	1
2905	1
2906	0
2907	1
2908	0
2909	0
2910	0
2911	1
2912	1
2913	1
2914	1
2915	0
2916	1
2917	0
2918	0
2919	1
2920	0
2921	0
2922	0
2923	0
2924	1
2925	1
2926	0
2927	1
2928	1
2929	0
2930	0
2931	0
2932	0
2933	1
2934	0
2935	0
2936	0
2937	0
2938	1
2939	0
2940	0
2941	0
2942	1
2943	0
2944	1
2945	0
2946	1
2947	1
2948	0
2949	1
2950	0
2951	0
2952	1
2953	1
2954	1
2955	0
2956	1
2957	0
2958	0
2959	0
2960	0
2961	1
2962	1
2963	0
2964	0
2965	1
2966	1
2967	0
2968	1
2969	0
2970	1
2971	1
2972	0
2973	0
2974	0
2975	1
2976	0
2977	1
2978	0
2979	0
2980	0
2981	1
2982	0
2983	0
2984	0
2985	1
2986	1
2987	0
2988	1
2989	1
2990	0
2991	0
2992	0
2993	0
2994	1
2995	1
2996	0
2997	1
2998	0
2999	1
3000	0
3001	1
3002	1
3003	0
3004	0
3005	1
3006	1
3007	0
3008	0
3009	1
3010	1
3011	0
3012	1
3013	1
3014	1
3015	1
3016	0
3017	1
3018	0
3019	1
3020	1
3021	0
3022	1
3023	1
3024	0
3025	1
3026	1
3027	0
3028	0
3029	0
3030	1
3031	1
3032	1
3033	1
3034	0
3035	0
3036	1
3037	0
3038	1
3039	0
3040	1
3041	0
3042	0
3043	0
3044	1
3045	1
3046	1
3047	1
3048	0
3049	1
3050	0
3051	0
3052	0
3053	0
3054	1
3055	1
3056	0
3057	0
3058	1
3059	0
3060	1
3061	0
3062	1
3063	0
3064	1
3065	1
3066	1
3067	0
3068	1
3069	1
3070	0
3071	0
3072	1
3073	1
3074	0
3075	0
3076	1
3077	0
3078	1
3079	1
3080	1
3081	1
3082	1
3083	1
3084	1
3085	1
3086	0
3087	0
3088	1
3089	1
3090	0
3091	1
3092	1
3093	0
3094	1
3095	0
3096	1
3097	1
3098	0
3099	0
3100	1
3101	0
3102	0
3103	1
3104	0
3105	0
3106	0
3107	1
3108	1
3109	1
3110	1
3111	0
3112	1
3113	1
3114	1
3115	0
3116	1
3117	0
3118	1
3119	1
3120	1
3121	0
3122	1
3123	1
3124	0
3125	0
3126	1
3127	0
3128	0
3129	1
3130	1
3131	0
3132	0
3133	1
3134	1
3135	0
3136	0
3137	0
3138	1
3139	0
3140	0
3141	0
3142	1
3143	1
3144	1
3145	0
3146	0
3147	1
3148	0
3149	0
3150	0
3151	1
3152	1
3153	0
3154	0
3155	1
3156	1
3157	0
3158	1
3159	0
3160	0
3161	1
3162	1
3163	1
3164	0
3165	0
3166	0
3167	1
3168	0
3169	0
3170	1
3171	1
3172	0
3173	0
3174	0
3175	1
3176	1
3177	1
3178	0
3179	1
3180	1
3181	1
3182	0
3183	1
3184	0
3185	0
3186	0
3187	0
3188	1
3189	0
3190	0
3191	0
3192	0
3193	0
3194	0
3195	1
3196	1
3197	1
3198	1
3199	1
3200	0
3201	1
3202	1
3203	1
3204	0
3205	0
3206	1
3207	1
3208	0
3209	0
3210	0
3211	0
3212	0
3213	0
3214	1
3215	0
3216	1
3217	0
3218	0
3219	0
3220	1
3221	1
3222	1
3223	1
3224	1
3225	1
3226	1
3227	0
3228	0
3229	0
3230	0
3231	1
3232	0
3233	1
3234	1
3235	0
3236	0
3237	1
3238	0
3239	0
3240	1
3241	1
3242	1
3243	0
3244	0
3245	1
3246	0
3247	0
3248	1
3249	1
3250	0
3251	0
3252	1
3253	1
3254	1
3255	1
3256	1
3257	0
3258	1
3259	1
3260	1
3261	0
3262	1
3263	0
3264	1
3265	1
3266	1
3267	0
3268	1
3269	0
3270	1
3271	1
3272	0
3273	1
3274	0
3275	0
3276	0
3277	0
3278	0
3279	1
3280	1
3281	0
3282	1
3283	0
3284	0
3285	0
3286	0
3287	1
3288	1
3289	0
3290	0
3291	0
3292	0
3293	0
3294	0
3295	0
3296	1
3297	0
3298	1
3299	0
3300	1
3301	0
3302	1
3303	1
3304	0
3305	0
3306	0
3307	0
3308	0
3309	0
3310	0
3311	0
3312	0
3313	0
3314	1
3315	0
3316	1
3317	0
3318	1
3319	1
3320	0
3321	0
3322	0
3323	1
3324	0
3325	0
3326	1
3327	0
3328	0
3329	1
3330	0
3331	1
3332	1
3333	1
3334	0
3335	0
3336	0
3337	0
3338	0
3339	0
3340	0
3341	1
3342	0
3343	1
3344	1
3345	1
3346	1
3347	0
3348	0
3349	1
3350	1
3351	0
3352	1
3353	1
3354	0
3355	0
3356	1
3357	1
3358	1
3359	0
3360	0
3361	0
3362	1
3363	0
3364	1
3365	0
3366	0
3367	1
3368	1
3369	1
3370	0
3371	1
3372	1
3373	1
3374	0
3375	0
3376	0
3377	1
3378	1
3379	0
3380	1
3381	0
3382	1
3383	1
3384	1
3385	0
3386	0
3387	0
3388	1
3389	1
3390	1
3391	1
3392	0
3393	0
3394	0
3395	0
3396	1
3397	0
3398	1
3399	0
3400	0
3401	0
3402	1
3403	1
3404	0
3405	0
3406	0
3407	0
3408	0
3409	0
3410	0
3411	1
3412	0
3413	1
3414	1
3415	0
3416	1
3417	0
3418	1
3419	0
3420	1
3421	1
3422	0
3423	1
3424	1
3425	1
3426	1
3427	1
3428	0
3429	0
3430	0
3431	0
3432	1
3433	0
3434	0
3435	0
3436	1
3437	0
3438	1
3439	1
3440	1
3441	0
3442	0
3443	1
3444	1
3445	1
3446	0
3447	1
3448	0
3449	0
3450	1
3451	1
3452	0
3453	0
3454	1
3455	1
3456	1
3457	0
3458	1
3459	0
3460	1
3461	1
3462	1
3463	0
3464	0
3465	1
3466	0
3467	0
3468	0
3469	0
3470	1
3471	1
3472	1
3473	0
3474	1
3475	0
3476	1
3477	0
3478	0
3479	1
3480	0
3481	1
3482	0
3483	1
3484	1
3485	1
3486	1
3487	1
3488	0
3489	0
3490	1
3491	1
3492	0
3493	0
3494	1
3495	0
3496	0
3497	0
3498	0
3499	1
3500	1
3501	0
3502	1
3503	1
3504	1
3505	0
3506	0
3507	0
3508	0
3509	0
3510	1
3511	0
3512	0
3513	1
3514	1
3515	1
3516	1
3517	1
3518	1
3519	1
3520	1
3521	1
3522	0
3523	0
3524	0
3525	0
3526	0
3527	0
3528	0
3529	1
3530	0
3531	1
3532	0
3533	1
3534	1
3535	1
3536	1
3537	0
3538	0
3539	1
3540	0
3541	0
3542	0
3543	1
3544	0
3545	0
3546	0
3547	1
3548	0
3549	1
3550	0
3551	0
3552	0
3553	1
3554	0
3555	0
3556	1
3557	1
3558	0
3559	1
3560	1
3561	0
3562	0
3563	0
3564	1
3565	1
3566	1
3567	0
3568	0
3569	0
3570	1
3571	1
3572	0
3573	1
3574	0
3575	0
3576	0
3577	1
3578	0
3579	1
3580	0
3581	1
3582	1
3583	0
3584	1
3585	1
3586	1
3587	0
3588	1
3589	1
3590	0
3591	1
3592	1
3593	0
3594	0
3595	1
3596	0
3597	0
3598	1
3599	0
3600	0
3601	0
3602	0
3603	0
3604	0
3605	1
3606	1
3607	1
3608	1
3609	0
3610	1
3611	0
3612	1
3613	1
3614	0
3615	0
3616	0
3617	1
3618	1
3619	0
3620	1
3621	0
3622	0
3623	1
3624	0
3625	0
3626	0
3627	1
3628	1
3629	1
3630	1
3631	0
3632	0
3633	1
3634	0
3635	0
3636	1
3637	1
3638	0
3639	1
3640	1
3641	0
3642	0
3643	1
3644	0
3645	1
3646	1
3647	0
3648	0
3649	1
3650	0
3651	0
3652	1
3653	0
3654	0
3655	1
3656	0
3657	1
3658	1
3659	1
3660	0
3661	1
3662	1
3663	1
3664	1
3665	0
3666	0
3667	0
3668	0
3669	1
3670	1
3671	0
3672	0
3673	0
3674	1
3675	1
3676	1
3677	1
3678	0
3679	1
3680	1
3681	0
3682	1
3683	1
3684	0
3685	0
3686	0
3687	1
3688	0
3689	1
3690	0
3691	0
3692	0
3693	1
3694	1
3695	1
3696	0
3697	1
3698	1
3699	0
3700	1
3701	0
3702	0
3703	0
3704	1
3705	1
3706	0
3707	1
3708	0
3709	0
3710	0
3711	0
3712	0
3713	0
3714	0
3715	0
3716	1
3717	1
3718	1
3719	0
3720	1
3721	0
3722	0
3723	1
3724	0
3725	0
3726	0
3727	0
3728	0
3729	1
3730	0
3731	0
3732	1
3733	1
3734	0
3735	1
3736	0
3737	1
3738	1
3739	0
3740	1
3741	0
3742	1
3743	1
3744	0
3745	0
3746	0
3747	0
3748	0
3749	0
3750	0
3751	1
3752	1
3753	0
3754	1
3755	1
3756	0
3757	0
3758	1
3759	0
3760	1
3761	1
3762	1
3763	1
3764	1
3765	1
3766	0
3767	0
3768	1
3769	1
3770	1
3771	1
3772	1
3773	1
3774	1
3775	1
3776	0
3777	0
3778	0
3779	0
3780	0
3781	1
3782	0
3783	0
3784	0
3785	1
3786	0
3787	1
3788	0
3789	0
3790	1
3791	0
3792	1
3793	1
3794	1
3795	1
3796	1
3797	0
3798	0
3799	0
3800	0
3801	0
3802	0
3803	0
3804	0
3805	0
3806	0
3807	1
3808	0
3809	1
3810	0
3811	0
3812	0
3813	1
3814	1
3815	1
3816	0
3817	0
3818	1
3819	1
3820	0
3821	0
3822	0
3823	1
3824	1
3825	0
3826	1
3827	1
3828	1
3829	0
3830	1
3831	0
3832	1
3833	0
3834	0
3835	0
3836	0
3837	1
3838	0
3839	1
3840	1
3841	1
3842	0
3843	1
3844	1
3845	1
3846	0
3847	1
3848	1
3849	0
3850	0
3851	0
3852	1
3853	1
3854	0
3855	0
3856	0
3857	1
3858	1
3859	1
3860	0
3861	0
3862	0
3863	1
3864	1
3865	1
3866	1
3867	0
3868	0
3869	0
3870	0
3871	0
3872	0
3873	0
3874	1
3875	0
3876	1
3877	0
3878	1
3879	1
3880	0
3881	1
3882	0
3883	0
3884	1
3885	0
3886	1
3887	0
3888	0
3889	1
3890	1
3891	1
3892	1
3893	1
3894	0
3895	1
3896	0
3897	1
3898	0
3899	1
3900	0
3901	0
3902	0
3903	1
3904	0
3905	0
3906	0
3907	1
3908	1
3909	0
3910	1
3911	1
3912	1
3913	0
3914	0
3915	1
3916	0
3917	0
3918	0
3919	0
3920	0
3921	0
3922	1
3923	0
3924	1
3925	0
3926	0
3927	1
3928	0
3929	1
3930	1
3931	1
3932	0
3933	0
3934	1
3935	0
3936	0
3937	1
3938	1
3939	0
3940	0
3941	0
3942	1
3943	1
3944	1
3945	1
3946	0
3947	1
3948	0
3949	0
3950	1
3951	0
3952	0
3953	1
3954	0
3955	1
3956	0
3957	0
3958	0
3959	1
3960	1
3961	0
3962	1
3963	1
3964	0
3965	0
3966	0
3967	1
3968	1
3969	0
3970	0
3971	1
3972	1
3973	1
3974	0
3975	0
3976	1
3977	0
3978	0
3979	1
3980	1
3981	0
3982	1
3983	0
3984	0
3985	1
3986	1
3987	1
3988	0
3989	1
3990	1
3991	0
3992	0
3993	1
3994	0
3995	1
3996	1
3997	1
3998	1
3999	1
4000	0
4001	1
4002	0
4003	0
4004	0
4005	0
4006	0
4007	1
4008	0
4009	0
4010	1
4011	0
4012	0
4013	0
4014	1
4015	0
4016	0
4017	1
4018	1
4019	0
4020	0
4021	1
4022	1
4023	1
4024	0
4025	1
4026	0
4027	1
4028	0
4029	1
4030	0
4031	1
4032	0
4033	0
4034	1
4035	1
4036	0
4037	1
4038	1
4039	1
4040	1
4041	1
4042	0
4043	1
4044	0
4045	0
4046	1
4047	1
4048	0
4049	1
4050	0
4051	0
4052	0
4053	1
4054	0
4055	1
4056	1
4057	1
4058	0
4059	0
4060	0
4061	0
4062	1
4063	0
4064	0
4065	1
4066	1
4067	1
4068	0
4069	0
4070	1
4071	0
4072	0
4073	0
4074	1
4075	1
4076	1
4077	0
4078	0
4079	1
4080	1
4081	1
4082	1
4083	0
4084	0
4085	1
4086	0
4087	0
4088	0
4089	1
4090	0
4091	1
4092	0
4093	1
4094	0
4095	0
4096	1
4097	0
4098	1
4099	1
4100	1
4101	0
4102	0
4103	1
4104	1
4105	1
4106	0
4107	0
4108	1
4109	0
4110	1
4111	1
4112	0
4113	0
4114	0
4115	1
4116	1
4117	1
4118	1
4119	1
4120	0
4121	0
4122	1
4123	0
4124	0
4125	0
4126	1
4127	1
4128	1
4129	1
4130	0
4131	1
4132	0
4133	0
4134	0
4135	1
4136	1
4137	0
4138	1
4139	0
4140	1
4141	0
4142	0
4143	1
4144	1
4145	1
4146	1
4147	0
4148	0
4149	1
4150	1
4151	1
4152	0
4153	0
4154	0
4155	0
4156	0
4157	1
4158	0
4159	1
4160	1
4161	0
4162	1
4163	0
4164	1
4165	1
4166	0
4167	1
4168	0
4169	1
4170	0
4171	0
4172	1
4173	1
4174	1
4175	0
4176	1
4177	1
4178	1
4179	0
4180	1
4181	0
4182	1
4183	1
4184	0
4185	1
4186	0
4187	1
4188	1
4189	0
4190	0
4191	0
4192	1
4193	1
4194	0
4195	0
4196	1
4197	1
4198	0
4199	0
4200	0
4201	1
4202	1
4203	0
4204	1
4205	0
4206	1
4207	1
4208	0
4209	1
4210	0
4211	0
4212	1
4213	1
4214	1
4215	1
4216	0
4217	0
4218	1
4219	1
4220	1
4221	0
4222	0
4223	0
4224	0
4225	0
4226	1
4227	0
4228	1
4229	1
4230	1
4231	1
4232	1
4233	0
4234	0
4235	1
4236	1
4237	1
4238	1
4239	1
4240	1
4241	0
4242	1
4243	1
4244	1
4245	0
4246	0
4247	0
4248	0
4249	0
4250	0
4251	1
4252	0
4253	0
4254	1
4255	0
4256	1
4257	1
4258	1
4259	1
4260	0
4261	0
4262	1
4263	1
4264	1
4265	0
4266	0
4267	1
4268	1
4269	0
4270	0
4271	0
4272	1
4273	0
4274	0
4275	1
4276	1
4277	0
4278	1
4279	1
4280	0
4281	0
4282	0
4283	0
4284	0
4285	1
4286	1
4287	1
4288	1
4289	0
4290	1
4291	1
4292	1
4293	0
4294	0
4295	0
4296	0
4297	0
4298	0
4299	1
4300	0
4301	0
4302	1
4303	1
4304	0
4305	0
4306	1
4307	0
4308	0
4309	1
4310	1
4311	1
4312	1
4313	1
4314	1
4315	1
4316	0
4317	1
4318	1
4319	1
4320	1
4321	1
4322	1
4323	0
4324	1
4325	0
4326	1
4327	1
4328	0
4329	1
4330	1
4331	0
4332	1
4333	0
4334	0
4335	0
4336	0
4337	0
4338	0
4339	0
4340	0
4341	1
4342	0
4343	0
4344	1
4345	0
4346	1
4347	0
4348	0
4349	0
4350	0
4351	0
4352	1
4353	0
4354	1
4355	0
4356	0
4357	0
4358	1
4359	0
4360	1
4361	0
4362	1
4363	0
4364	0
4365	0
4366	1
4367	1
4368	0
4369	0
4370	0
4371	0
4372	1
4373	0
4374	1
4375	0
4376	0
4377	1
4378	0
4379	1
4380	0
4381	1
4382	1
4383	1
4384	1
4385	0
4386	1
4387	1
4388	1
4389	1
4390	1
4391	0
4392	0
4393	1
4394	1
4395	1
4396	1
4397	1
4398	0
4399	1
4400	1
4401	0
4402	0
4403	1
4404	0
4405	1
4406	1
4407	0
4408	0
4409	0
4410	1
4411	1
4412	0
4413	1
4414	1
4415	0
4416	1
4417	0
4418	1
4419	1
4420	1
4421	1
4422	0
4423	0
4424	1
4425	1
4426	1
4427	1
4428	0
4429	1
4430	0
4431	0
4432	0
4433	1
4434	1
4435	0
4436	1
4437	1
4438	0
4439	0
4440	1
4441	1
4442	1
4443	0
4444	0
4445	1
4446	0
4447	0
4448	1
4449	0
4450	1
4451	0
4452	0
4453	1
4454	1
4455	0
4456	0
4457	0
4458	0
4459	0
4460	0
4461	1
4462	1
4463	1
4464	0
4465	0
4466	1
4467	0
4468	1
4469	0
4470	1
4471	0
4472	0
4473	0
4474	1
4475	1
4476	0
4477	1
4478	1
4479	1
4480	0
4481	1
4482	0
4483	1
4484	1
4485	0
4486	0
4487	1
4488	1
4489	1
4490	0
4491	1
4492	0
4493	1
4494	0
4495	1
4496	1
4497	1
4498	0
4499	0
4500	0
4501	0
4502	0
4503	0
4504	0
4505	0
4506	1
4507	1
4508	0
4509	0
4510	1
4511	0
4512	1
4513	1
4514	1
4515	1
4516	0
4517	1
4518	0
4519	1
4520	0
4521	1
4522	0
4523	0
4524	0
4525	0
4526	0
4527	0
4528	1
4529	1
4530	0
4531	1
4532	1
4533	1
4534	0
4535	1
4536	0
4537	0
4538	0
4539	1
4540	1
4541	0
4542	1
4543	1
4544	1
4545	1
4546	0
4547	0
4548	1
4549	1
4550	1
4551	0
4552	0
4553	1
4554	1
4555	0
4556	0
4557	0
4558	1
4559	1
4560	0
4561	1
4562	1
4563	1
4564	0
4565	0
4566	0
4567	1
4568	1
4569	1
4570	1
4571	1
4572	0
4573	0
4574	0
4575	0
4576	0
4577	0
4578	0
4579	0
4580	1
4581	1
4582	1
4583	1
4584	1
4585	0
4586	0
4587	1
4588	1
4589	0
4590	1
4591	1
4592	1
4593	1
4594	0
4595	0
4596	1
4597	0
4598	0
4599	1
4600	0
4601	1
4602	1
4603	1
4604	0
4605	0
4606	0
4607	0
4608	0
4609	1
4610	1
4611	1
4612	1
4613	0
4614	1
4615	0
4616	1
4617	1
4618	0
4619	1
4620	0
4621	1
4622	0
4623	1
4624	0
4625	1
4626	0
4627	1
4628	1
4629	1
4630	0
4631	1
4632	1
4633	0
4634	0
4635	1
4636	0
4637	0
4638	1
4639	0
4640	1
4641	1
4642	0
4643	0
4644	1
4645	0
4646	0
4647	1
4648	1
4649	1
4650	1
4651	0
4652	1
4653	0
4654	0
4655	0
4656	1
4657	0
4658	0
4659	1
4660	1
4661	1
4662	0
4663	0
4664	1
4665	1
4666	0
4667	0
4668	1
4669	1
4670	0
4671	0
4672	0
4673	0
4674	1
4675	0
4676	0
4677	1
4678	0
4679	0
4680	1
4681	0
4682	0
4683	1
4684	0
4685	0
4686	0
4687	0
4688	1
4689	0
4690	1
4691	0
4692	0
4693	1
4694	1
4695	0
4696	1
4697	1
4698	0
4699	1
4700	1
4701	1
4702	0
4703	0
4704	0
4705	1
4706	0
4707	1
4708	0
4709	0
4710	1
4711	0
4712	0
4713	0
4714	1
4715	1
4716	0
4717	1
4718	1
4719	0
4720	1
4721	0
4722	0
4723	0
4724	1
4725	0
4726	1
4727	0
4728	0
4729	1
4730	0
4731	0
4732	1
4733	1
4734	0
4735	1
4736	1
4737	1
4738	0
4739	0
4740	1
4741	0
4742	0
4743	1
4744	1
4745	1
4746	0
4747	1
4748	0
4749	1
4750	1
4751	0
4752	0
4753	1
4754	0
4755	1
4756	0
4757	0
4758	0
4759	0
4760	0
4761	1
4762	0
4763	0
4764	0
4765	1
4766	1
4767	1
4768	1
4769	1
4770	1
4771	0
4772	0
4773	1
4774	0
4775	0
4776	0
4777	0
4778	0
4779	1
4780	0
4781	1
4782	1
4783	0
4784	1
4785	1
4786	1
4787	0
4788	0
4789	0
4790	0
4791	0
4792	0
4793	1
4794	0
4795	0
4796	1
4797	1
4798	0
4799	1
4800	0
4801	1
4802	0
4803	1
4804	0
4805	0
4806	1
4807	1
4808	0
4809	1
4810	1
4811	0
4812	1
4813	0
4814	0
4815	1
4816	0
4817	0
4818	0
4819	0
4820	0
4821	0
4822	1
4823	1
4824	1
4825	1
4826	1
4827	0
4828	0
4829	0
4830	0
4831	1
4832	1
4833	1
4834	0
4835	1
4836	0
4837	0
4838	0
4839	1
4840	0
4841	1
4842	1
4843	0
4844	0
4845	1
4846	0
4847	1
4848	1
4849	1
4850	1
4851	1
4852	0
4853	1
4854	0
4855	1
4856	1
4857	0
4858	1
4859	1
4860	0
4861	0
4862	0
4863	0
4864	1
4865	0
4866	1
4867	0
4868	1
4869	1
4870	0
4871	0
4872	1
4873	1
4874	0
4875	1
4876	1
4877	0
4878	0
4879	0
4880	0
4881	0
4882	0
4883	0
4884	0
4885	0
4886	1
4887	0
4888	1
4889	1
4890	1
4891	0
4892	1
4893	1
4894	0
4895	0
4896	1
4897	1
4898	1
4899	1
4900	0
4901	0
4902	0
4903	0
4904	1
4905	0
4906	1
4907	0
4908	0
4909	1
4910	1
4911	1
4912	0
4913	1
4914	1
4915	1
4916	1
4917	1
4918	0
4919	1
4920	0
4921	1
4922	0
4923	1
4924	1
4925	0
4926	0
4927	0
4928	1
4929	0
4930	1
4931	1
4932	1
4933	1
4934	1
4935	1
4936	1
4937	1
4938	1
4939	0
4940	0
4941	1
4942	0
4943	0
4944	0
4945	1
4946	1
4947	0
4948	0
4949	1
4950	1
4951	0
4952	0
4953	0
4954	1
4955	0
4956	0
4957	1
4958	1
4959	1
4960	0
4961	1
4962	1
4963	0
4964	0
4965	1
4966	1
4967	0
4968	1
4969	0
4970	1
4971	0
4972	0
4973	0
4974	1
4975	0
4976	0
4977	0
4978	1
4979	0
4980	0
4981	1
4982	0
4983	1
4984	0
4985	1
4986	1
4987	1
4988	0
4989	1
4990	1
4991	0
4992	0
4993	1
4994	0
4995	0
4996	1
4997	0
4998	1
4999	0
5000	1
5001	1
5002	0
5003	1
5004	0
5005	0
5006	1
5007	1
5008	0
5009	1
5010	0
5011	1
5012	1
5013	1
5014	0
5015	1
5016	1
5017	0
5018	0
5019	0
5020	1
5021	1
5022	0
5023	1
5024	1
5025	0
5026	0
5027	1
5028	0
5029	1
5030	0
5031	1
5032	1
5033	0
5034	1
5035	1
5036	0
5037	1
5038	1
5039	0
5040	1
5041	1
5042	1
5043	1
5044	1
5045	1
5046	0
5047	0
5048	1
5049	1
5050	0
5051	0
5052	0
5053	0
5054	1
5055	0
5056	1
5057	1
5058	1
5059	0
5060	1
5061	0
5062	0
5063	1
5064	0
5065	0
5066	0
5067	1
5068	1
5069	0
5070	0
5071	1
5072	0
5073	1
5074	0
5075	1
5076	0
5077	0
5078	1
5079	1
5080	1
5081	0
5082	0
5083	0
5084	0
5085	1
5086	0
5087	0
5088	1
5089	0
5090	1
5091	1
5092	1
5093	0
5094	0
5095	0
5096	1
5097	1
5098	1
5099	1
5100	0
5101	1
5102	1
5103	0
5104	1
5105	1
5106	0
5107	0
5108	0
5109	0
5110	0
5111	0
5112	1
5113	1
5114	0
5115	0
5116	0
5117	0
5118	1
5119	1
5120	1
5121	1
5122	0
5123	1
5124	0
5125	0
5126	0
5127	1
5128	0
5129	1
5130	1
5131	0
5132	0
5133	1
5134	0
5135	1
5136	0
5137	1
5138	1
5139	1
5140	0
5141	0
5142	0
5143	0
5144	0
5145	1
5146	0
5147	1
5148	0
5149	1
5150	0
5151	0
5152	1
5153	0
5154	1
5155	1
5156	0
5157	0
5158	0
5159	1
5160	1
5161	1
5162	1
5163	0
5164	0
5165	1
5166	0
5167	0
5168	0
5169	0
5170	0
5171	1
5172	1
5173	0
5174	1
5175	0
5176	0
5177	1
5178	0
5179	1
5180	1
5181	0
5182	1
5183	1
5184	1
5185	1
5186	0
5187	0
5188	1
5189	0
5190	0
5191	0
5192	0
5193	1
5194	0
5195	0
5196	0
5197	0
5198	0
5199	0
5200	1
5201	1
5202	1
5203	1
5204	1
5205	0
5206	0
5207	0
5208	0
5209	1
5210	1
5211	1
5212	1
5213	1
5214	1
5215	1
5216	1
5217	1
5218	1
5219	0
5220	1
5221	0
5222	1
5223	1
5224	0
5225	0
5226	0
5227	0
5228	0
5229	0
5230	0
5231	1
5232	1
5233	0
5234	1
5235	0
5236	1
5237	1
5238	1
5239	0
5240	0
5241	0
5242	0
5243	0
5244	0
5245	0
5246	1
5247	1
5248	1
5249	0
5250	0
5251	1
5252	0
5253	1
5254	1
5255	0
5256	0
5257	0
5258	0
5259	0
5260	0
5261	1
5262	1
5263	0
5264	1
5265	1
5266	1
5267	0
5268	0
5269	0
5270	0
5271	0
5272	0
5273	1
5274	0
5275	1
5276	1
5277	1
5278	0
5279	0
5280	0
5281	1
5282	0
5283	0
5284	1
5285	1
5286	0
5287	0
5288	1
5289	1
5290	1
5291	0
5292	1
5293	0
5294	0
5295	1
5296	0
5297	0
5298	0
5299	0
5300	1
5301	1
5302	1
5303	1
5304	1
5305	1
5306	0
5307	1
5308	0
5309	0
5310	1
5311	1
5312	1
5313	0
5314	1
5315	0
5316	1
5317	1
5318	0
5319	0
5320	0
5321	1
5322	1
5323	0
5324	0
5325	1
5326	1
5327	1
5328	0
5329	1
5330	1
5331	1
5332	1
5333	1
5334	1
5335	1
5336	1
5337	0
5338	1
5339	0
5340	1
5341	1
5342	0
5343	0
5344	1
5345	1
5346	1
5347	0
5348	0
5349	0
5350	1
5351	0
5352	0
5353	1
5354	0
5355	1
5356	0
5357	0
5358	0
5359	1
5360	0
5361	1
5362	0
5363	0
5364	0
5365	1
5366	1
5367	1
5368	0
5369	0
5370	1
5371	0
5372	1
5373	1
5374	1
5375	0
5376	0
5377	0
5378	1
5379	1
5380	1
5381	1
5382	0
5383	1
5384	1
5385	0
5386	1
5387	0
5388	0
5389	0
5390	1
5391	0
5392	0
5393	0
5394	1
5395	0
5396	1
5397	0
5398	0
5399	1
5400	0
5401	1
5402	0
5403	1
5404	0
5405	0
5406	0
5407	1
5408	1
5409	0
5410	0
5411	1
5412	1
5413	0
5414	0
5415	1
5416	0
5417	0
5418	0
5419	1
5420	1
5421	1
5422	0
5423	1
5424	0
5425	1
5426	1
5427	0
5428	0
5429	0
5430	1
5431	1
5432	1
5433	0
5434	0
5435	0
5436	0
5437	0
5438	0
5439	1
5440	1
5441	0
5442	0
5443	1
5444	1
5445	1
5446	1
5447	1
5448	0
5449	1
5450	1
5451	0
5452	1
5453	1
5454	1
5455	1
5456	1
5457	0
5458	1
5459	0
5460	0
5461	0
5462	0
5463	0
5464	0
5465	1
5466	0
5467	1
5468	1
5469	1
5470	1
5471	1
5472	0
5473	1
5474	0
5475	0
5476	0
5477	1
5478	1
5479	1
5480	0
5481	1
5482	1
5483	1
5484	0
5485	0
5486	0
5487	1
5488	0
5489	1
5490	1
5491	0
5492	1
5493	0
5494	0
5495	1
5496	1
5497	1
5498	1
5499	0
5500	1
5501	0
5502	1
5503	0
5504	1
5505	1
5506	1
5507	1
5508	1
5509	0
5510	1
5511	1
5512	0
5513	1
5514	1
5515	1
5516	1
5517	0
5518	1
5519	0
5520	0
5521	1
5522	1
5523	0
5524	1
5525	1
5526	1
5527	0
5528	0
5529	1
5530	0
5531	1
5532	1
5533	0
5534	1
5535	1
5536	1
5537	0
5538	1
5539	0
5540	1
5541	1
5542	0
5543	1
5544	0
5545	0
5546	0
5547	0
5548	1
5549	1
5550	1
5551	0
5552	1
5553	0
5554	1
5555	1
5556	0
5557	0
5558	0
5559	1
5560	1
5561	1
5562	0
5563	0
5564	0
5565	0
5566	0
5567	1
5568	0
5569	0
5570	0
5571	0
5572	1
5573	0
5574	1
5575	0
5576	0
5577	1
5578	0
5579	1
5580	0
5581	0
5582	0
5583	1
5584	1
5585	0
5586	0
5587	1
5588	0
5589	1
5590	0
5591	0
5592	1
5593	1
5594	0
5595	1
5596	1
5597	1
5598	1
5599	0
5600	1
5601	0
5602	1
5603	1
5604	1
5605	1
5606	0
5607	1
5608	0
5609	1
5610	1
5611	0
5612	1
5613	0
5614	0
5615	1
5616	1
5617	1
5618	0
5619	1
5620	1
5621	0
5622	0
5623	1
5624	0
5625	1
5626	0
5627	0
5628	0
5629	1
5630	1
5631	0
5632	0
5633	1
5634	1
5635	1
5636	1
5637	1
5638	1
5639	1
5640	0
5641	0
5642	0
5643	1
5644	0
5645	1
5646	1
5647	0
5648	0
5649	1
5650	1
5651	1
5652	1
5653	1
5654	1
5655	1
5656	0
5657	0
5658	1
5659	0
5660	1
5661	0
5662	0
5663	1
5664	1
5665	1
5666	0
5667	1
5668	0
5669	0
5670	0
5671	1
5672	1
5673	1
5674	0
5675	1
5676	1
5677	0
5678	0
5679	1
5680	0
5681	1
5682	1
5683	0
5684	0
5685	0
5686	1
5687	1
5688	0
5689	0
5690	1
5691	0
5692	1
5693	1
5694	0
5695	1
5696	0
5697	1
5698	1
5699	1
5700	1
5701	0
5702	0
5703	0
5704	0
5705	0
5706	0
5707	1
5708	1
5709	1
5710	1
5711	0
5712	1
5713	0
5714	1
5715	0
5716	0
5717	1
5718	0
5719	1
5720	1
5721	0
5722	1
5723	1
5724	0
5725	1
5726	0
5727	0
5728	1
5729	0
5730	0
5731	1
5732	0
5733	0
5734	0
5735	0
5736	1
5737	0
5738	1
5739	0
5740	0
5741	1
5742	0
5743	0
5744	1
5745	1
5746	0
5747	0
5748	0
5749	1
5750	1
5751	0
5752	0
5753	1
5754	0
5755	0
5756	0
5757	1
5758	1
5759	1
5760	1
5761	1
5762	0
5763	1
5764	1
5765	0
5766	0
5767	1
5768	0
5769	0
5770	0
5771	1
5772	1
5773	1
5774	1
5775	1
5776	1
5777	0
5778	1
5779	1
5780	0
5781	1
5782	1
5783	0
5784	0
5785	1
5786	0
5787	1
5788	0
5789	0
5790	1
5791	1
5792	1
5793	1
5794	1
5795	0
5796	0
5797	1
5798	0
5799	1
5800	0
5801	0
5802	0
5803	1
5804	0
5805	1
5806	1
5807	1
5808	0
5809	1
5810	1
5811	1
5812	0
5813	0
5814	0
5815	0
5816	1
5817	1
5818	0
5819	1
5820	0
5821	0
5822	1
5823	1
5824	1
5825	0
5826	0
5827	1
5828	0
5829	1
5830	0
5831	0
5832	1
5833	1
5834	0
5835	0
5836	0
5837	1
5838	1
5839	0
5840	0
5841	1
5842	0
5843	0
5844	1
5845	1
5846	1
5847	1
5848	1
5849	0
5850	1
5851	0
5852	0
5853	1
5854	0
5855	0
5856	1
5857	0
5858	1
5859	0
5860	1
5861	1
5862	0
5863	0
5864	0
5865	0
5866	1
5867	0
5868	1
5869	1
5870	1
5871	0
5872	0
5873	0
5874	0
5875	0
5876	1
5877	1
5878	1
5879	0
5880	1
5881	0
5882	1
5883	1
5884	1
5885	1
5886	0
5887	0
5888	0
5889	0
5890	0
5891	0
5892	1
5893	1
5894	1
5895	1
5896	1
5897	1
5898	1
5899	0
5900	1
5901	1
5902	1
5903	1
5904	0
5905	1
5906	1
5907	0
5908	1
5909	1
5910	1
5911	0
5912	1
5913	1
5914	0
5915	1
5916	0
5917	0
5918	1
5919	0
5920	0
5921	0
5922	0
5923	0
5924	1
5925	1
5926	0
5927	0
5928	0
5929	1
5930	0
5931	1
5932	0
5933	0
5934	0
5935	1
5936	0
5937	0
5938	1
5939	1
5940	1
5941	0
5942	0
5943	1
5944	0
5945	1
5946	1
5947	1
5948	1
5949	0
5950	1
5951	1
5952	0
5953	0
5954	1
5955	0
5956	1
5957	0
5958	0
5959	1
5960	1
5961	0
5962	0
5963	1
5964	1
5965	1
5966	0
5967	0
5968	0
5969	1
5970	1
5971	0
5972	1
5973	1
5974	1
5975	0
5976	1
5977	1
5978	0
5979	0
5980	0
5981	1
5982	0
5983	0
5984	0
5985	1
5986	0
5987	1
5988	0
5989	0
5990	1
5991	1
5992	1
5993	1
5994	1
5995	0
5996	1
5997	0
5998	0
5999	0
6000	0
6001	1
6002	0
6003	0
6004	0
6005	0
6006	0
6007	0
6008	1
6009	1
6010	0
6011	1
6012	0
6013	1
6014	0
6015	1
6016	0
6017	1
6018	0
6019	1
6020	1
6021	0
6022	1
6023	1
6024	0
6025	1
6026	0
6027	0
6028	0
6029	0
6030	1
6031	1
6032	1
6033	0
6034	1
6035	1
6036	1
6037	1
6038	1
6039	1
6040	1
6041	0
6042	0
6043	1
6044	1
6045	1
6046	1
6047	1
6048	0
6049	0
6050	1
6051	0
6052	1
6053	1
6054	1
6055	0
6056	0
6057	0
6058	1
6059	1
6060	1
6061	1
6062	0
6063	1
6064	1
6065	0
6066	1
6067	1
6068	1
6069	0
6070	0
6071	1
6072	0
6073	0
6074	1
6075	0
6076	0
6077	1
6078	0
6079	1
6080	1
6081	0
6082	1
6083	0
6084	0
6085	0
6086	0
6087	1
6088	0
6089	0
6090	1
6091	1
6092	1
6093	1
6094	1
6095	0
6096	0
6097	1
6098	0
6099	1
6100	1
6101	0
6102	1
6103	1
6104	1
6105	1
6106	0
6107	1
6108	0
6109	0
6110	1
6111	1
6112	0
6113	1
6114	0
6115	0
6116	1
6117	0
6118	1
6119	0
6120	1
6121	0
6122	1
6123	0
6124	0
6125	0
6126	0
6127	0
6128	1
6129	1
6130	1
6131	0
6132	1
6133	1
6134	0
6135	0
6136	1
6137	0
6138	1
6139	1
6140	1
6141	1
6142	1
6143	1
6144	1
6145	0
6146	0
6147	1
6148	0
6149	0
6150	0
6151	0
6152	0
6153	1
6154	0
6155	0
6156	1
6157	1
6158	0
6159	1
6160	1
6161	0
6162	1
6163	1
6164	1
6165	1
6166	0
6167	1
6168	0
6169	0
6170	1
6171	0
6172	1
6173	0
6174	1
6175	0
6176	0
6177	1
6178	1
6179	0
6180	0
6181	0
6182	0
6183	1
6184	0
6185	1
6186	0
6187	1
6188	0
6189	0
6190	0
6191	0
6192	1
6193	0
6194	0
6195	0
6196	1
6197	0
6198	1
6199	1
6200	0
6201	0
6202	0
6203	0
6204	0
6205	0
6206	0
6207	0
6208	0
6209	1
6210	1
6211	1
6212	0
6213	0
6214	1
6215	1
6216	1
6217	1
6218	0
6219	0
6220	0
6221	0
6222	0
6223	1
6224	1
6225	1
6226	0
6227	0
6228	1
6229	1
6230	1
6231	0
6232	0
6233	0
6234	1
6235	0
6236	0
6237	1
6238	0
6239	0
6240	1
6241	1
6242	1
6243	0
6244	1
6245	0
6246	1
6247	1
6248	0
6249	0
6250	0
6251	0
6252	0
6253	0
6254	1
6255	0
6256	1
6257	1
6258	1
6259	0
6260	0
6261	0
6262	0
6263	0
6264	0
6265	0
6266	0
6267	1
6268	0
6269	1
6270	0
6271	0
6272	1
6273	0
6274	0
6275	0
6276	1
6277	0
6278	0
6279	0
6280	1
6281	1
6282	1
6283	1
6284	1
6285	1
6286	0
6287	1
6288	0
6289	1
6290	0
6291	0
6292	0
6293	0
6294	0
6295	1
6296	0
6297	1
6298	0
6299	0
6300	1
6301	1
6302	1
6303	0
6304	0
6305	0
6306	1
6307	1
6308	1
6309	1
6310	1
6311	1
6312	0
6313	1
6314	0
6315	0
6316	1
6317	1
6318	0
6319	0
6320	1
6321	0
6322	0
6323	0
6324	0
6325	1
6326	0
6327	0
6328	1
6329	1
6330	0
6331	0
6332	0
6333	0
6334	0
6335	1
6336	1
6337	1
6338	1
6339	0
6340	0
6341	1
6342	1
6343	1
6344	0
6345	1
6346	0
6347	1
6348	0
6349	0
6350	1
6351	1
6352	1
6353	1
6354	1
6355	1
6356	0
6357	1
6358	0
6359	0
6360	0
6361	0
6362	0
6363	0
6364	0
6365	1
6366	0
6367	0
6368	0
6369	0
6370	1
6371	0
6372	0
6373	0
6374	0
6375	1
6376	0
6377	0
6378	1
6379	0
6380	1
6381	1
6382	0
6383	0
6384	1
6385	0
6386	1
6387	1
6388	1
6389	1
6390	1
6391	1
6392	1
6393	1
6394	0
6395	0
6396	1
6397	1
6398	1
6399	1
6400	0
6401	1
6402	0
6403	1
6404	0
6405	0
6406	0
6407	0
6408	0
6409	0
6410	1
6411	0
6412	1
6413	1
6414	1
6415	1
6416	1
6417	1
6418	1
6419	1
6420	0
6421	0
6422	0
6423	1
6424	0
6425	0
6426	0
6427	1
6428	0
6429	1
6430	0
6431	0
6432	0
6433	1
6434	0
6435	0
6436	0
6437	1
6438	1
6439	1
6440	1
6441	1
6442	1
6443	0
6444	0
6445	1
6446	0
6447	0
6448	0
6449	1
6450	0
6451	1
6452	0
6453	0
6454	1
6455	0
6456	0
6457	1
6458	1
6459	1
6460	1
6461	1
6462	0
6463	1
6464	0
6465	1
6466	0
6467	0
6468	0
6469	1
6470	1
6471	1
6472	1
6473	1
6474	1
6475	1
6476	1
6477	1
6478	0
6479	1
6480	1
6481	0
6482	0
6483	1
6484	1
6485	1
6486	1
6487	1
6488	1
6489	1
6490	0
6491	0
6492	0
6493	1
6494	1
6495	1
6496	1
6497	1
6498	0
6499	1
6500	1
6501	0
6502	1
6503	1
6504	1
6505	1
6506	0
6507	0
6508	1
6509	0
6510	1
6511	0
6512	0
6513	1
6514	1
6515	0
6516	1
6517	1
6518	1
6519	1
6520	0
6521	0
6522	0
6523	1
6524	0
6525	0
6526	1
6527	1
6528	0
6529	0
6530	1
6531	0
6532	1
6533	0
6534	0
6535	1
6536	0
6537	1
6538	1
6539	0
6540	0
6541	0
6542	0
6543	1
6544	1
6545	1
6546	1
6547	0
6548	0
6549	1
6550	1
6551	1
6552	0
6553	1
6554	0
6555	1
6556	0
6557	0
6558	0
6559	1
6560	1
6561	0
6562	0
6563	1
6564	0
6565	0
6566	0
6567	0
6568	0
6569	1
6570	1
6571	0
6572	1
6573	1
6574	0
6575	1
6576	0
6577	1
6578	0
6579	0
6580	1
6581	1
6582	0
6583	1
6584	0
6585	0
6586	1
6587	0
6588	0
6589	0
6590	0
6591	0
6592	1
6593	0
6594	0
6595	0
6596	0
6597	0
6598	0
6599	1
6600	0
6601	1
6602	1
6603	1
6604	1
6605	0
6606	1
6607	0
6608	0
6609	0
6610	0
6611	1
6612	1
6613	0
6614	1
6615	1
6616	1
6617	0
6618	1
6619	0
6620	1
6621	1
6622	1
6623	1
6624	0
6625	0
6626	1
6627	0
6628	1
6629	1
6630	0
6631	0
6632	0
6633	1
6634	0
6635	0
6636	0
6637	0
6638	1
6639	1
6640	0
6641	1
6642	1
6643	1
6644	0
6645	0
6646	0
6647	0
6648	0
6649	0
6650	1
6651	1
6652	0
6653	0
6654	0
6655	0
6656	0
6657	1
6658	1
6659	0
6660	1
6661	0
6662	0
6663	1
6664	1
6665	0
6666	0
6667	0
6668	0
6669	1
6670	0
6671	1
6672	0
6673	0
6674	0
6675	1
6676	0
6677	0
6678	1
6679	1
6680	0
6681	0
6682	0
6683	0
6684	0
6685	1
6686	0
6687	0
6688	1
6689	1
6690	0
6691	1
6692	1
6693	0
6694	0
6695	0
6696	1
6697	0
6698	1
6699	0
6700	1
6701	0
6702	0
6703	1
6704	1
6705	0
6706	1
6707	0
6708	0
6709	0
6710	0
6711	0
6712	0
6713	1
6714	1
6715	0
6716	1
6717	0
6718	1
6719	0
6720	0
6721	1
6722	1
6723	1
6724	1
6725	0
6726	0
6727	1
6728	1
6729	0
6730	1
6731	0
6732	1
6733	0
6734	1
6735	0
6736	1
6737	1
6738	0
6739	0
6740	1
6741	0
6742	1
6743	0
6744	0
6745	0
6746	1
6747	0
6748	0
6749	1
6750	1
6751	1
6752	1
6753	0
6754	1
6755	0
6756	0
6757	1
6758	0
6759	1
6760	0
6761	1
6762	0
6763	1
6764	0
6765	1
6766	1
6767	1
6768	0
6769	0
6770	0
6771	0
6772	1
6773	0
6774	1
6775	1
6776	0
6777	1
6778	0
6779	1
6780	0
6781	0
6782	1
6783	1
6784	0
6785	1
6786	1
6787	1
6788	1
6789	1
6790	0
6791	0
6792	0
6793	1
6794	1
6795	0
6796	1
6797	1
6798	0
6799	0
6800	1
6801	0
6802	1
6803	0
6804	0
6805	1
6806	0
6807	0
6808	1
6809	1
6810	1
6811	1
6812	0
6813	0
6814	1
6815	0
6816	1
6817	0
6818	1
6819	1
6820	0
6821	0
6822	0
6823	1
6824	0
6825	1
6826	0
6827	0
6828	1
6829	0
6830	0
6831	1
6832	1
6833	1
6834	0
6835	0
6836	0
6837	1
6838	1
6839	0
6840	0
6841	0
6842	0
6843	0
6844	1
6845	0
6846	0
6847	0
6848	0
6849	0
6850	0
6851	1
6852	1
6853	1
6854	1
6855	0
6856	0
6857	1
6858	0
6859	1
6860	1
6861	1
6862	1
6863	1
6864	1
6865	0
6866	0
6867	0
6868	0
6869	1
6870	1
6871	0
6872	1
6873	0
6874	0
6875	1
6876	0
6877	1
6878	0
6879	0
6880	1
6881	1
6882	0
6883	0
6884	0
6885	0
6886	0
6887	0
6888	0
6889	0
6890	1
6891	1
6892	1
6893	0
6894	0
6895	0
6896	1
6897	0
6898	1
6899	0
6900	1
6901	0
6902	0
6903	1
6904	0
6905	1
6906	1
6907	0
6908	1
6909	1
6910	1
6911	0
6912	0
6913	0
6914	1
6915	1
6916	0
6917	1
6918	1
6919	1
6920	1
6921	0
6922	0
6923	1
6924	1
6925	1
6926	1
6927	0
6928	1
6929	0
6930	1
6931	1
6932	0
6933	0
6934	1
6935	0
6936	0
6937	0
6938	1
6939	1
6940	1
6941	1
6942	1
6943	1
6944	1
6945	0
6946	1
6947	0
6948	0
6949	1
6950	0
6951	0
6952	0
6953	1
6954	1
6955	1
6956	1
6957	1
6958	0
6959	1
6960	1
6961	1
6962	1
6963	0
6964	1
6965	1
6966	1
6967	0
6968	1
6969	0
6970	0
6971	1
6972	0
6973	1
6974	0
6975	0
6976	0
6977	1
6978	1
6979	1
6980	0
6981	0
6982	0
6983	1
6984	0
6985	0
6986	1
6987	0
6988	1
6989	0
6990	0
6991	1
6992	0
6993	0
6994	1
6995	1
6996	0
6997	1
6998	0
6999	0
7000	1
7001	0
7002	0
7003	0
7004	0
7005	0
7006	1
7007	1
7008	1
7009	1
7010	1
7011	1
7012	1
7013	1
7014	0
7015	0
7016	0
7017	1
7018	0
7019	0
7020	1
7021	0
7022	1
7023	0
7024	1
7025	0
7026	1
7027	0
7028	1
7029	0
7030	1
7031	1
7032	0
7033	1
7034	0
7035	0
7036	0
7037	0
7038	1
7039	1
7040	1
7041	0
7042	0
7043	1
7044	0
7045	0
7046	1
7047	1
7048	1
7049	0
7050	0
7051	1
7052	0
7053	1
7054	0
7055	0
7056	0
7057	0
7058	1
7059	0
7060	1
7061	1
7062	0
7063	1
7064	1
7065	0
7066	1
7067	0
7068	1
7069	1
7070	0
7071	0
7072	1
7073	1
7074	1
7075	0
7076	1
7077	1
7078	0
7079	0
7080	0
7081	1
7082	0
7083	0
7084	0
7085	0
7086	1
7087	0
7088	1
7089	1
7090	1
7091	1
7092	1
7093	0
7094	0
7095	1
7096	1
7097	1
7098	1
7099	1
7100	1
7101	0
7102	0
7103	0
7104	1
7105	1
7106	1
7107	0
7108	0
7109	0
7110	1
7111	1
7112	1
7113	0
7114	0
7115	1
7116	1
7117	1
7118	0
7119	0
7120	0
7121	0
7122	1
7123	1
7124	1
7125	0
7126	1
7127	1
7128	1
7129	0
7130	0
7131	1
7132	0
7133	0
7134	0
7135	1
7136	0
7137	0
7138	1
7139	1
7140	1
7141	0
7142	1
7143	1
7144	1
7145	1
7146	0
7147	1
7148	0
7149	1
7150	1
7151	1
7152	1
7153	0
7154	0
7155	1
7156	0
7157	1
7158	0
7159	1
7160	0
7161	1
7162	0
7163	1
7164	1
7165	1
7166	0
7167	1
7168	0
7169	1
7170	1
7171	0
7172	1
7173	1
7174	1
7175	0
7176	0
7177	1
7178	1
7179	0
7180	1
7181	0
7182	1
7183	1
7184	0
7185	0
7186	1
7187	0
7188	0
7189	0
7190	0
7191	0
7192	1
7193	1
7194	1
7195	1
7196	1
7197	0
7198	1
7199	0
7200	0
7201	0
7202	1
7203	0
7204	1
7205	1
7206	0
7207	0
7208	1
7209	0
7210	1
7211	0
7212	1
7213	0
7214	0
7215	0
7216	1
7217	0
7218	1
7219	0
7220	0
7221	1
7222	1
7223	0
7224	0
7225	0
7226	0
7227	1
7228	1
7229	1
7230	1
7231	1
7232	1
7233	0
7234	0
7235	0
7236	0
7237	0
7238	1
7239	1
7240	0
7241	1
7242	1
7243	0
7244	1
7245	0
7246	1
7247	0
7248	1
7249	0
7250	0
7251	1
7252	1
7253	1
7254	0
7255	0
7256	1
7257	0
7258	0
7259	0
7260	1
7261	0
7262	1
7263	0
7264	0
7265	1
7266	1
7267	1
7268	0
7269	1
7270	0
7271	1
7272	1
7273	0
7274	0
7275	0
7276	0
7277	1
7278	1
7279	0
7280	1
7281	0
7282	1
7283	0
7284	0
7285	1
7286	1
7287	0
7288	1
7289	1
7290	1
7291	0
7292	1
7293	1
7294	0
7295	1
7296	1
7297	1
7298	1
7299	0
7300	0
7301	0
7302	1
7303	1
7304	0
7305	1
7306	1
7307	1
7308	1
7309	0
7310	1
7311	0
7312	1
7313	1
7314	1
7315	0
7316	0
7317	0
7318	1
7319	1
7320	1
7321	1
7322	1
7323	0
7324	1
7325	0
7326	0
7327	1
7328	0
7329	1
7330	1
7331	1
7332	0
7333	0
7334	0
7335	1
7336	0
7337	1
7338	0
7339	0
7340	0
7341	1
7342	1
7343	0
7344	0
7345	1
7346	1
7347	1
7348	0
7349	1
7350	1
7351	0
7352	1
7353	1
7354	0
7355	0
7356	0
7357	1
7358	1
7359	0
7360	0
7361	1
7362	1
7363	1
7364	1
7365	1
7366	1
7367	1
7368	1
7369	1
7370	0
7371	1
7372	1
7373	0
7374	0
7375	1
7376	1
7377	1
7378	1
7379	0
7380	1
7381	1
7382	0
7383	0
7384	1
7385	0
7386	0
7387	0
7388	0
7389	1
7390	0
7391	1
7392	1
7393	1
7394	1
7395	1
7396	0
7397	0
7398	1
7399	0
7400	1
7401	1
7402	0
7403	1
7404	0
7405	0
7406	0
7407	1
7408	1
7409	0
7410	1
7411	0
7412	1
7413	0
7414	0
7415	1
7416	0
7417	0
7418	0
7419	1
7420	1
7421	0
7422	1
7423	1
7424	0
7425	0
7426	0
7427	0
7428	1
7429	1
7430	1
7431	0
7432	0
7433	0
7434	0
7435	0
7436	1
7437	1
7438	0
7439	1
7440	1
7441	0
7442	1
7443	1
7444	1
7445	0
7446	1
7447	1
7448	1
7449	0
7450	1
7451	1
7452	1
7453	1
7454	1
7455	0
7456	0
7457	0
7458	0
7459	0
7460	1
7461	0
7462	0
7463	0
7464	0
7465	1
7466	1
7467	1
7468	0
7469	1
7470	1
7471	0
7472	1
7473	0
7474	0
7475	1
7476	0
7477	0
7478	1
7479	1
7480	0
7481	1
7482	1
7483	0
7484	1
7485	0
7486	1
7487	1
7488	1
7489	1
7490	0
7491	1
7492	0
7493	1
7494	0
7495	1
7496	0
7497	1
7498	0
7499	0
7500	0
7501	1
7502	1
7503	0
7504	0
7505	1
7506	1
7507	1
7508	0
7509	0
7510	1
7511	0
7512	0
7513	1
7514	1
7515	1
7516	1
7517	0
7518	1
7519	1
7520	0
7521	0
7522	1
7523	0
7524	0
7525	0
7526	1
7527	0
7528	1
7529	0
7530	1
7531	1
7532	1
7533	1
7534	1
7535	1
7536	0
7537	0
7538	0
7539	1
7540	0
7541	1
7542	0
7543	1
7544	1
7545	0
7546	1
7547	0
7548	0
7549	0
7550	1
7551	1
7552	1
7553	0
7554	0
7555	0
7556	0
7557	0
7558	0
7559	0
7560	1
7561	0
7562	0
7563	0
7564	0
7565	0
7566	1
7567	1
7568	1
7569	1
7570	1
7571	1
7572	0
7573	1
7574	0
7575	0
7576	1
7577	0
7578	1
7579	0
7580	0
7581	1
7582	0
7583	0
7584	1
7585	0
7586	1
7587	0
7588	1
7589	0
7590	0
7591	1
7592	0
7593	1
7594	0
7595	0
7596	1
7597	0
7598	1
7599	1
7600	0
7601	1
7602	0
7603	0
7604	1
7605	1
7606	1
7607	0
7608	1
7609	0
7610	1
7611	0
7612	0
7613	1
7614	1
7615	0
7616	1
7617	0
7618	0
7619	0
7620	1
7621	0
7622	0
7623	0
7624	0
7625	0
7626	0
7627	0
7628	1
7629	1
7630	1
7631	1
7632	0
7633	1
7634	1
7635	1
7636	1
7637	0
7638	1
7639	1
7640	1
7641	1
7642	0
7643	1
7644	0
7645	0
7646	1
7647	0
7648	0
7649	1
7650	0
7651	1
7652	0
7653	1
7654	1
7655	0
7656	1
7657	1
7658	1
7659	1
7660	1
7661	0
7662	0
7663	0
7664	0
7665	1
7666	0
7667	1
7668	0
7669	1
7670	0
7671	1
7672	0
7673	1
7674	1
7675	1
7676	1
7677	0
7678	1
7679	0
7680	1
7681	0
7682	1
7683	1
7684	0
7685	0
7686	0
7687	0
7688	0
7689	0
7690	1
7691	0
7692	1
7693	1
7694	0
7695	1
7696	1
7697	0
7698	1
7699	1
7700	1
7701	0
7702	0
7703	1
7704	1
7705	1
7706	0
7707	1
7708	1
7709	1
7710	0
7711	0
7712	0
7713	1
7714	1
7715	1
7716	0
7717	0
7718	0
7719	0
7720	0
7721	1
7722	0
7723	0
7724	0
7725	1
7726	1
7727	1
7728	0
7729	1
7730	0
7731	0
7732	1
7733	1
7734	0
7735	0
7736	1
7737	1
7738	0
7739	0
7740	1
7741	0
7742	1
7743	1
7744	1
7745	1
7746	0
7747	0
7748	1
7749	1
7750	1
7751	1
7752	0
7753	1
7754	0
7755	0
7756	0
7757	1
7758	0
7759	0
7760	1
7761	0
7762	0
7763	1
7764	0
7765	0
7766	1
7767	1
7768	0
7769	0
7770	0
7771	0
7772	1
7773	1
7774	1
7775	0
7776	0
7777	1
7778	0
7779	1
7780	1
7781	1
7782	0
7783	1
7784	1
7785	0
7786	1
7787	0
7788	0
7789	0
7790	0
7791	0
7792	0
7793	1
7794	0
7795	0
7796	0
7797	1
7798	0
7799	1
7800	0
7801	1
7802	1
7803	0
7804	1
7805	0
7806	0
7807	0
7808	1
7809	0
7810	1
7811	0
7812	1
7813	0
7814	1
7815	0
7816	1
7817	1
7818	1
7819	0
7820	0
7821	1
7822	0
7823	1
7824	1
7825	0
7826	1
7827	0
7828	1
7829	0
7830	0
7831	0
7832	0
7833	1
7834	1
7835	0
7836	1
7837	0
7838	1
7839	0
7840	0
7841	1
7842	1
7843	0
7844	0
7845	0
7846	0
7847	1
7848	0
7849	1
7850	0
7851	1
7852	0
7853	0
7854	1
7855	1
7856	0
7857	1
7858	1
7859	0
7860	0
7861	0
7862	0
7863	0
7864	0
7865	1
7866	0
7867	1
7868	0
7869	0
7870	1
7871	1
7872	1
7873	0
7874	1
7875	1
7876	0
7877	0
7878	0
7879	1
7880	1
7881	1
7882	0
7883	0
7884	0
7885	0
7886	1
7887	1
7888	1
7889	1
7890	1
7891	1
7892	0
7893	0
7894	1
7895	1
7896	0
7897	1
7898	0
7899	0
7900	1
7901	0
7902	0
7903	0
7904	1
7905	0
7906	0
7907	1
7908	0
7909	0
7910	0
7911	1
7912	1
7913	1
7914	1
7915	0
7916	0
7917	1
7918	1
7919	1
7920	1
7921	1
7922	1
7923	1
7924	0
7925	1
7926	0
7927	1
7928	1
7929	0
7930	1
7931	0
7932	0
7933	1
7934	0
7935	0
7936	0
7937	1
7938	0
7939	1
7940	0
7941	0
7942	1
7943	0
7944	0
7945	1
7946	1
7947	1
7948	0
7949	0
7950	1
7951	1
7952	1
7953	0
7954	0
7955	0
7956	1
7957	1
7958	0
7959	0
7960	0
7961	1
7962	0
7963	0
7964	0
7965	0
7966	1
7967	0
7968	1
7969	1
7970	1
7971	1
7972	1
7973	0
7974	1
7975	1
7976	1
7977	1
7978	0
7979	1
7980	0
7981	0
7982	1
7983	1
7984	1
7985	0
7986	1
7987	0
7988	1
7989	0
7990	1
7991	1
7992	1
7993	0
7994	0
7995	0
7996	0
7997	1
7998	0
7999	0
8000	1
8001	0
8002	1
8003	1
8004	1
8005	1
8006	0
8007	1
8008	1
8009	0
8010	0
8011	0
8012	0
8013	1
8014	1
8015	1
8016	0
8017	0
8018	1
8019	0
8020	0
8021	0
8022	1
8023	0
8024	0
8025	0
8026	0
8027	0
8028	0
8029	1
8030	1
8031	1
8032	0
8033	1
8034	0
8035	1
8036	1
8037	1
8038	0
8039	0
8040	0
8041	1
8042	1
8043	1
8044	0
8045	0
8046	0
8047	0
8048	1
8049	0
8050	0
8051	1
8052	1
8053	1
8054	0
8055	0
8056	1
8057	1
8058	0
8059	0
8060	0
8061	0
8062	0
8063	1
8064	1
8065	0
8066	0
8067	1
8068	0
8069	1
8070	0
8071	1
8072	0
8073	0
8074	1
8075	1
8076	0
8077	0
8078	0
8079	0
8080	0
8081	0
8082	0
8083	1
8084	0
8085	1
8086	0
8087	0
8088	0
8089	1
8090	1
8091	1
8092	0
8093	0
8094	0
8095	0
8096	1
8097	1
8098	1
8099	0
8100	1
8101	1
8102	0
8103	0
8104	0
8105	0
8106	0
8107	1
8108	0
8109	0
8110	1
8111	0
8112	0
8113	1
8114	0
8115	1
8116	0
8117	1
8118	1
8119	0
8120	0
8121	0
8122	0
8123	0
8124	0
8125	1
8126	1
8127	0
8128	0
8129	1
8130	0
8131	0
8132	1
8133	0
8134	0
8135	1
8136	0
8137	1
8138	0
8139	0
8140	1
8141	0
8142	0
8143	0
8144	0
8145	1
8146	1
8147	1
8148	0
8149	0
8150	1
8151	0
8152	1
8153	0
8154	1
8155	1
8156	0
8157	1
8158	1
8159	1
8160	1
8161	0
8162	0
8163	0
8164	0
8165	0
8166	1
8167	0
8168	1
8169	1
8170	0
8171	1
8172	1
8173	1
8174	1
8175	0
8176	1
8177	0
8178	1
8179	0
8180	0
8181	0
8182	1
8183	0
8184	1
8185	1
8186	1
8187	1
8188	1
8189	1
8190	1
8191	1
8192	1
8193	0
8194	1
8195	0
8196	1
8197	0
8198	0
8199	1
8200	0
8201	1
8202	0
8203	0
8204	1
8205	0
8206	0
8207	1
8208	0
8209	1
8210	0
8211	1
8212	0
8213	1
8214	1
8215	0
8216	1
8217	1
8218	1
8219	1
8220	0
8221	0
8222	0
8223	0
8224	1
8225	1
8226	0
8227	1
8228	0
8229	1
8230	0
8231	0
8232	0
8233	1
8234	1
8235	1
8236	0
8237	1
8238	0
8239	1
8240	0
8241	0
8242	1
8243	1
8244	1
8245	1
8246	1
8247	1
8248	0
8249	0
8250	1
8251	1
8252	0
8253	0
8254	0
8255	0
8256	0
8257	1
8258	0
8259	1
8260	1
8261	0
8262	0
8263	0
8264	0
8265	1
8266	1
8267	1
8268	0
8269	1
8270	1
8271	0
8272	1
8273	1
8274	0
8275	0
8276	0
8277	1
8278	1
8279	1
8280	0
8281	0
8282	0
8283	1
8284	1
8285	1
8286	0
8287	1
8288	0
8289	1
8290	1
8291	0
8292	0
8293	0
8294	0
8295	1
8296	0
8297	0
8298	1
8299	1
8300	1
8301	0
8302	0
8303	0
8304	1
8305	0
8306	1
8307	1
8308	0
8309	0
8310	1
8311	1
8312	1
8313	1
8314	0
8315	1
8316	0
8317	1
8318	1
8319	1
8320	1
8321	1
8322	1
8323	1
8324	1
8325	1
8326	1
8327	1
8328	0
8329	1
8330	0
8331	1
8332	0
8333	0
8334	0
8335	0
8336	0
8337	1
8338	1
8339	1
8340	1
8341	0
8342	1
8343	0
8344	0
8345	0
8346	1
8347	1
8348	0
8349	1
8350	0
8351	0
8352	0
8353	1
8354	1
8355	0
8356	1
8357	0
8358	0
8359	0
8360	0
8361	0
8362	0
8363	0
8364	1
8365	0
8366	1
8367	0
8368	1
8369	1
8370	0
8371	0
8372	1
8373	0
8374	0
8375	0
8376	0
8377	1
8378	1
8379	1
8380	0
8381	0
8382	1
8383	1
8384	1
8385	1
8386	1
8387	1
8388	0
8389	1
8390	1
8391	1
8392	0
8393	0
8394	0
8395	0
8396	0
8397	1
8398	1
8399	1
8400	0
8401	0
8402	1
8403	1
8404	1
8405	0
8406	1
8407	1
8408	1
8409	0
8410	1
8411	1
8412	1
8413	1
8414	0
8415	1
8416	0
8417	1
8418	0
8419	1
8420	1
8421	0
8422	0
8423	0
8424	1
8425	0
8426	1
8427	0
8428	0
8429	0
8430	1
8431	1
8432	1
8433	0
8434	1
8435	0
8436	0
8437	1
8438	1
8439	1
8440	1
8441	1
8442	1
8443	0
8444	0
8445	0
8446	1
8447	0
8448	1
8449	0
8450	0
8451	0
8452	0
8453	1
8454	0
8455	0
8456	1
8457	0
8458	1
8459	1
8460	0
8461	0
8462	1
8463	0
8464	1
8465	1
8466	1
8467	0
8468	1
8469	0
8470	1
8471	0
8472	0
8473	0
8474	1
8475	0
8476	0
8477	1
8478	1
8479	0
8480	1
8481	0
8482	1
8483	0
8484	0
8485	0
8486	0
8487	1
8488	1
8489	0
8490	1
8491	1
8492	1
8493	1
8494	1
8495	0
8496	1
8497	0
8498	0
8499	1
8500	0
8501	1
8502	1
8503	0
8504	1
8505	1
8506	0
8507	0
8508	0
8509	1
8510	1
8511	0
8512	1
8513	0
8514	0
8515	0
8516	1
8517	1
8518	1
8519	0
8520	1
8521	1
8522	0
8523	1
8524	0
8525	1
8526	1
8527	0
8528	0
8529	0
8530	0
8531	1
8532	1
8533	1
8534	0
8535	1
8536	0
8537	1
8538	0
8539	0
8540	0
8541	1
8542	1
8543	0
8544	1
8545	0
8546	1
8547	1
8548	0
8549	1
8550	0
8551	1
8552	1
8553	0
8554	1
8555	1
8556	0
8557	0
8558	0
8559	0
8560	1
8561	0
8562	0
8563	1
8564	1
8565	1
8566	1
8567	0
8568	1
8569	0
8570	1
8571	0
8572	1
8573	0
8574	0
8575	0
8576	1
8577	0
8578	1
8579	1
8580	0
8581	0
8582	1
8583	0
8584	1
8585	1
8586	1
8587	1
8588	1
8589	0
8590	1
8591	0
8592	1
8593	0
8594	0
8595	1
8596	1
8597	0
8598	1
8599	1
8600	0
8601	0
8602	0
8603	0
8604	1
8605	0
8606	0
8607	0
8608	1
8609	0
8610	0
8611	0
8612	0
8613	0
8614	0
8615	1
8616	1
8617	1
8618	0
8619	0
8620	0
8621	1
8622	1
8623	1
8624	0
8625	1
8626	1
8627	1
8628	0
8629	1
8630	0
8631	0
8632	1
8633	1
8634	1
8635	1
8636	0
8637	1
8638	1
8639	0
8640	0
8641	1
8642	0
8643	1
8644	1
8645	0
8646	0
8647	0
8648	1
8649	0
8650	1
8651	1
8652	0
8653	0
8654	0
8655	0
8656	1
8657	0
8658	1
8659	1
8660	0
8661	1
8662	1
8663	0
8664	1
8665	0
8666	1
8667	1
8668	0
8669	1
8670	1
8671	1
8672	0
8673	0
8674	0
8675	1
8676	1
8677	0
8678	1
8679	0
8680	0
8681	0
8682	1
8683	0
8684	0
8685	0
8686	1
8687	1
8688	1
8689	1
8690	1
8691	1
8692	0
8693	0
8694	1
8695	1
8696	0
8697	0
8698	1
8699	1
8700	0
8701	1
8702	1
8703	1
8704	0
8705	1
8706	0
8707	1
8708	1
8709	1
8710	1
8711	0
8712	0
8713	1
8714	1
8715	1
8716	0
8717	1
8718	1
8719	0
8720	0
8721	1
8722	0
8723	1
8724	0
8725	1
8726	0
8727	0
8728	0
8729	1
8730	0
8731	1
8732	0
8733	0
8734	1
8735	0
8736	0
8737	1
8738	1
8739	0
8740	1
8741	1
8742	1
8743	0
8744	0
8745	1
8746	1
8747	1
8748	1
8749	1
8750	0
8751	0
8752	0
8753	0
8754	0
8755	1
8756	1
8757	1
8758	1
8759	1
8760	1
8761	1
8762	0
8763	1
8764	0
8765	1
8766	0
8767	0
8768	1
8769	1
8770	1
8771	1
8772	0
8773	0
8774	1
8775	1
8776	1
8777	0
8778	1
8779	0
8780	1
8781	1
8782	0
8783	1
8784	0
8785	1
8786	0
8787	0
8788	1
8789	0
8790	1
8791	0
8792	0
8793	0
8794	0
8795	1
8796	0
8797	1
8798	1
8799	1
8800	1
8801	0
8802	0
8803	1
8804	0
8805	1
8806	1
8807	1
8808	0
8809	0
8810	0
8811	1
8812	0
8813	1
8814	0
8815	0
8816	1
8817	1
8818	1
8819	1
8820	0
8821	1
8822	1
8823	1
8824	0
8825	0
8826	0
8827	1
8828	1
8829	1
8830	0
8831	1
8832	0
8833	0
8834	0
8835	0
8836	1
8837	0
8838	1
8839	1
8840	1
8841	0
8842	0
8843	1
8844	1
8845	1
8846	1
8847	1
8848	1
8849	1
8850	0
8851	1
8852	1
8853	1
8854	1
8855	0
8856	0
8857	0
8858	1
8859	1
8860	0
8861	0
8862	1
8863	0
8864	1
8865	1
8866	1
8867	1
8868	0
8869	1
8870	0
8871	1
8872	1
8873	1
8874	0
8875	1
8876	0
8877	1
8878	1
8879	0
8880	1
8881	1
8882	1
8883	0
8884	1
8885	1
8886	0
8887	1
8888	1
8889	1
8890	1
8891	0
8892	0
8893	0
8894	0
8895	0
8896	0
8897	0
8898	1
8899	1
8900	0
8901	1
8902	1
8903	1
8904	1
8905	0
8906	0
8907	1
8908	0
8909	1
8910	1
8911	1
8912	0
8913	0
8914	1
8915	1
8916	0
8917	0
8918	0
8919	0
8920	0
8921	1
8922	1
8923	0
8924	1
8925	1
8926	0
8927	0
8928	0
8929	0
8930	0
8931	1
8932	0
8933	0
8934	1
8935	0
8936	0
8937	1
8938	1
8939	0
8940	0
8941	0
8942	1
8943	1
8944	1
8945	0
8946	1
8947	1
8948	1
8949	1
8950	0
8951	0
8952	1
8953	0
8954	0
8955	0
8956	0
8957	0
8958	0
8959	1
8960	1
8961	0
8962	1
8963	1
8964	1
8965	0
8966	0
8967	1
8968	0
8969	1
8970	0
8971	0
8972	0
8973	1
8974	0
8975	1
8976	1
8977	0
8978	0
8979	1
8980	0
8981	0
8982	1
8983	0
8984	1
8985	1
8986	1
8987	0
8988	1
8989	1
8990	1
8991	0
8992	1
8993	1
8994	1
8995	1
8996	1
8997	1
8998	0
8999	0
9000	0
9001	0
9002	0
9003	1
9004	0
9005	1
9006	1
9007	0
9008	1
9009	1
9010	1
9011	1
9012	1
9013	1
9014	0
9015	0
9016	1
9017	0
9018	0
9019	1
9020	1
9021	0
9022	0
9023	1
9024	0
9025	1
9026	1
9027	0
9028	0
9029	0
9030	0
9031	0
9032	0
9033	1
9034	1
9035	0
9036	1
9037	0
9038	1
9039	1
9040	1
9041	0
9042	1
9043	1
9044	0
9045	1
9046	0
9047	0
9048	0
9049	1
9050	0
9051	0
9052	0
9053	1
9054	0
9055	1
9056	1
9057	0
9058	0
9059	0
9060	0
9061	1
9062	0
9063	1
9064	1
9065	1
9066	1
9067	1
9068	1
9069	0
9070	1
9071	0
9072	1
9073	0
9074	0
9075	0
9076	0
9077	1
9078	0
9079	1
9080	1
9081	1
9082	1
9083	0
9084	1
9085	0
9086	0
9087	1
9088	1
9089	1
9090	1
9091	1
9092	0
9093	1
9094	1
9095	1
9096	1
9097	1
9098	1
9099	0
9100	1
9101	0
9102	1
9103	1
9104	0
9105	0
9106	1
9107	1
9108	0
9109	1
9110	1
9111	1
9112	1
9113	1
9114	0
9115	0
9116	0
9117	1
9118	1
9119	1
9120	1
9121	0
9122	1
9123	1
9124	0
9125	1
9126	0
9127	0
9128	0
9129	0
9130	0
9131	0
9132	0
9133	1
9134	1
9135	1
9136	1
9137	0
9138	0
9139	1
9140	1
9141	1
9142	1
9143	0
9144	1
9145	0
9146	1
9147	0
9148	1
9149	0
9150	0
9151	1
9152	0
9153	1
9154	1
9155	0
9156	0
9157	0
9158	0
9159	1
9160	0
9161	1
9162	1
9163	0
9164	1
9165	1
9166	0
9167	1
9168	1
9169	0
9170	1
9171	1
9172	1
9173	1
9174	1
9175	0
9176	1
9177	1
9178	1
9179	0
9180	0
9181	0
9182	0
9183	0
9184	0
9185	0
9186	0
9187	0
9188	0
9189	0
9190	1
9191	0
9192	1
9193	0
9194	1
9195	1
9196	1
9197	0
9198	1
9199	1
9200	0
9201	1
9202	1
9203	0
9204	0
9205	0
9206	0
9207	0
9208	0
9209	0
9210	0
9211	1
9212	1
9213	1
9214	0
9215	1
9216	0
9217	0
9218	0
9219	1
9220	0
9221	1
9222	0
9223	0
9224	0
9225	1
9226	0
9227	0
9228	1
9229	1
9230	0
9231	1
9232	0
9233	1
9234	1
9235	0
9236	1
9237	1
9238	0
9239	1
9240	0
9241	0
9242	1
9243	1
9244	0
9245	0
9246	0
9247	1
9248	1
9249	1
9250	1
9251	1
9252	0
9253	0
9254	0
9255	1
9256	1
9257	0
9258	1
9259	0
9260	1
9261	0
9262	0
9263	1
9264	1
9265	0
9266	0
9267	1
9268	0
9269	1
9270	1
9271	0
9272	1
9273	1
9274	0
9275	0
9276	0
9277	0
9278	1
9279	0
9280	0
9281	1
9282	1
9283	0
9284	1
9285	1
9286	1
9287	1
9288	1
9289	0
9290	0
9291	0
9292	1
9293	0
9294	0
9295	0
9296	1
9297	1
9298	1
9299	0
9300	1
9301	0
9302	0
9303	1
9304	0
9305	1
9306	0
9307	1
9308	0
9309	0
9310	1
9311	0
9312	0
9313	0
9314	0
9315	1
9316	1
9317	1
9318	0
9319	0
9320	1
9321	0
9322	0
9323	1
9324	1
9325	1
9326	1
9327	1
9328	1
9329	1
9330	1
9331	0
9332	0
9333	0
9334	1
9335	0
9336	0
9337	0
9338	0
9339	0
9340	1
9341	0
9342	0
9343	0
9344	1
9345	0
9346	0
9347	1
9348	0
9349	0
9350	1
9351	1
9352	1
9353	0
9354	0
9355	1
9356	0
9357	0
9358	1
9359	0
9360	0
9361	0
9362	1
9363	1
9364	0
9365	0
9366	1
9367	1
9368	1
9369	1
9370	1
9371	0
9372	1
9373	0
9374	1
9375	0
9376	0
9377	1
9378	0
9379	1
9380	0
9381	0
9382	0
9383	0
9384	1
9385	0
9386	1
9387	0
9388	0
9389	0
9390	0
9391	0
9392	1
9393	0
9394	1
9395	0
9396	0
9397	0
9398	1
9399	0
9400	0
9401	1
9402	1
9403	1
9404	0
9405	0
9406	0
9407	1
9408	0
9409	1
9410	1
9411	0
9412	0
9413	1
9414	1
9415	1
9416	1
9417	1
9418	1
9419	1
9420	1
9421	0
9422	0
9423	1
9424	0
9425	0
9426	1
9427	0
9428	0
9429	1
9430	0
9431	1
9432	1
9433	0
9434	1
9435	0
9436	0
9437	0
9438	0
9439	0
9440	1
9441	0
9442	0
9443	0
9444	0
9445	1
9446	0
9447	1
9448	0
9449	0
9450	1
9451	1
9452	1
9453	0
9454	0
9455	0
9456	1
9457	1
9458	0
9459	0
9460	1
9461	0
9462	0
9463	1
9464	0
9465	1
9466	1
9467	1
9468	1
9469	0
9470	0
9471	1
9472	0
9473	0
9474	1
9475	1
9476	1
9477	0
9478	0
9479	1
9480	0
9481	1
9482	0
9483	1
9484	0
9485	0
9486	0
9487	1
9488	1
9489	1
9490	0
9491	0
9492	0
9493	1
9494	0
9495	0
9496	1
9497	1
9498	0
9499	1
9500	0
9501	1
9502	0
9503	1
9504	1
9505	1
9506	0
9507	1
9508	1
9509	1
9510	0
9511	1
9512	0
9513	0
9514	1
9515	0
9516	1
9517	1
9518	0
9519	0
9520	0
9521	0
9522	0
9523	1
9524	1
9525	0
9526	1
9527	0
9528	0
9529	0
9530	0
9531	1
9532	0
9533	1
9534	0
9535	1
9536	1
9537	1
9538	1
9539	0
9540	0
9541	1
9542	0
9543	0
9544	1
9545	0
9546	1
9547	1
9548	1
9549	0
9550	0
9551	1
9552	0
9553	0
9554	1
9555	0
9556	1
9557	1
9558	1
9559	1
9560	1
9561	1
9562	0
9563	0
9564	1
9565	0
9566	1
9567	0
9568	0
9569	1
9570	0
9571	0
9572	0
9573	0
9574	1
9575	1
9576	1
9577	1
9578	0
9579	1
9580	1
9581	0
9582	0
9583	1
9584	1
9585	1
9586	1
9587	0
9588	1
9589	0
9590	0
9591	0
9592	1
9593	1
9594	1
9595	1
9596	1
9597	1
9598	0
9599	0
9600	0
9601	0
9602	1
9603	1
9604	1
9605	0
9606	0
9607	1
9608	0
9609	0
9610	0
9611	0
9612	1
9613	0
9614	1
9615	0
9616	0
9617	1
9618	1
9619	1
9620	0
9621	0
9622	1
9623	0
9624	0
9625	0
9626	0
9627	0
9628	1
9629	0
9630	0
9631	0
9632	0
9633	1
9634	1
9635	1
9636	1
9637	0
9638	0
9639	1
9640	0
9641	1
9642	0
9643	0
9644	0
9645	0
9646	1
9647	1
9648	1
9649	1
9650	1
9651	1
9652	0
9653	1
9654	0
9655	0
9656	0
9657	1
9658	0
9659	1
9660	1
9661	0
9662	0
9663	1
9664	0
9665	0
9666	1
9667	1
9668	1
9669	1
9670	0
9671	0
9672	0
9673	0
9674	0
9675	0
9676	1
9677	1
9678	1
9679	0
9680	0
9681	0
9682	0
9683	0
9684	0
9685	0
9686	1
9687	0
9688	0
9689	1
9690	0
9691	0
9692	0
9693	0
9694	0
9695	0
9696	0
9697	0
9698	0
9699	1
9700	0
9701	1
9702	0
9703	1
9704	0
9705	1
9706	1
9707	0
9708	0
9709	0
9710	0
9711	0
9712	0
9713	0
9714	0
9715	1
9716	1
9717	0
9718	1
9719	0
9720	0
9721	1
9722	1
9723	0
9724	0
9725	0
9726	0
9727	1
9728	1
9729	1
9730	1
9731	1
9732	0
9733	0
9734	0
9735	1
9736	0
9737	1
9738	0
9739	0
9740	0
9741	1
9742	1
9743	0
9744	1
9745	0
9746	0
9747	0
9748	1
9749	1
9750	0
9751	0
9752	0
9753	0
9754	1
9755	0
9756	0
9757	1
9758	0
9759	0
9760	0
9761	1
9762	0
9763	0
9764	1
9765	0
9766	0
9767	0
9768	1
9769	1
9770	0
9771	1
9772	1
9773	1
9774	0
9775	1
9776	0
9777	0
9778	0
9779	1
9780	1
9781	0
9782	0
9783	0
9784	0
9785	0
9786	1
9787	1
9788	1
9789	1
9790	0
9791	1
9792	1
9793	1
9794	0
9795	1
9796	1
9797	1
9798	1
9799	1
9800	0
9801	0
9802	1
9803	1
9804	1
9805	0
9806	0
9807	0
9808	1
9809	1
9810	1
9811	0
9812	1
9813	0
9814	1
9815	0
9816	1
9817	1
9818	1
9819	0
9820	0
9821	1
9822	0
9823	0
9824	1
9825	0
9826	1
9827	1
9828	0
9829	0
9830	0
9831	0
9832	1
9833	0
9834	0
9835	1
9836	0
9837	0
9838	1
9839	1
9840	0
9841	1
9842	1
9843	1
9844	0
9845	1
9846	0
9847	0
9848	0
9849	1
9850	1
9851	0
9852	0
9853	0
9854	0
9855	0
9856	0
9857	0
9858	0
9859	0
9860	0
9861	0
9862	0
9863	0
9864	1
9865	0
9866	1
9867	1
9868	0
9869	1
9870	1
9871	1
9872	1
9873	0
9874	1
9875	1
9876	1
9877	0
9878	1
9879	1
9880	0
9881	1
9882	1
9883	0
9884	0
9885	0
9886	0
9887	0
9888	0
9889	1
9890	0
9891	1
9892	0
9893	1
9894	1
9895	0
9896	1
9897	0
9898	1
9899	1
9900	0
9901	0
9902	0
9903	1
9904	0
9905	1
9906	1
9907	1
9908	0
9909	0
9910	0
9911	0
9912	1
9913	1
9914	1
9915	0
9916	1
9917	1
9918	1
9919	1
9920	1
9921	1
9922	0
9923	0
9924	0
9925	1
9926	0
9927	1
9928	0
9929	1
9930	0
9931	1
9932	0
9933	1
9934	0
9935	0
9936	1
9937	1
9938	1
9939	1
9940	1
9941	1
9942	1
9943	0
9944	1
9945	1
9946	1
9947	1
9948	1
9949	1
9950	0
9951	1
9952	0
9953	1
9954	0
9955	0
9956	0
9957	0
9958	1
9959	0
9960	1
9961	0
9962	0
9963	1
9964	1
9965	1
9966	0
9967	1
9968	1
9969	1
9970	1
9971	0
9972	0
9973	1
9974	1
9975	1
9976	1
9977	1
9978	1
9979	1
9980	0
9981	0
9982	1
9983	1
9984	0
9985	0
9986	0
9987	1
9988	1
9989	0
9990	1
9991	0
9992	0
9993	0
9994	1
9995	0
9996	1
9997	0
9998	0
9999	1
10000	1
